0 0.76875 0.66875 0.5125 0.5125
0 0.353383458647 0.523076923077 0.601503759398 0.615384615385
0 1.284375 0.790625 0.64375 0.64375
0 1.54700854701 0.4625 0.42735042735 0.3125
0 1.0625 1.03773584906 0.9 1.35849056604
0 0.425 0.358974358974 0.416666666667 0.320512820513
0 0.49358974359 0.56875 0.448717948718 0.4375
0 1.3275862069 0.74375 0.586206896552 0.425
0 0.466165413534 0.7375 0.541353383459 0.45
0 0.553125 0.534375 0.55625 0.55625
0 0.925 0.78 0.5625 0.6
0 1.61946902655 0.9875 1.06194690265 0.75
0 0.774038461538 0.640625 0.701923076923 0.45625
0 0.829113924051 0.753125 0.443037974684 0.21875
0 0.471698113208 0.453125 0.396226415094 0.328125
0 1.53271028037 1.2625 1.06542056075 0.7125
0 0.996875 0.508403361345 0.36875 0.495798319328
0 0.36 0.477876106195 0.24 0.318584070796
0 0.471698113208 0.3375 0.339622641509 0.225
0 1.28467153285 0.625 0.583941605839 0.5
0 1.07766990291 0.51875 0.640776699029 0.4125
0 0.466666666667 0.4 0.333333333333 0.333333333333
0 0.416666666667 0.308333333333 0.233333333333 0.233333333333
0 1.86320754717 1.171875 1.27358490566 0.84375
0 1.09793814433 0.890625 1.32989690722 0.80625
0 0.642857142857 0.45 0.392857142857 0.275
0 1.17307692308 0.775 0.673076923077 0.4375
0 0.405940594059 0.291666666667 0.277227722772 0.233333333333
0 1.1 1.22368421053 0.475 1.0
0 1.80088495575 1.259375 1.30088495575 0.91875
0 0.972440944882 1.403125 1.31496062992 1.04375
0 1.665625 0.936974789916 0.64375 0.865546218487
0 1.71495327103 1.146875 0.943925233645 0.63125
0 1.57079646018 0.696875 0.805309734513 0.56875
0 0.821875 0.996875 0.79375 0.79375
0 1.31018518519 0.771875 0.731481481481 0.49375
0 0.588495575221 0.496666666667 0.504424778761 0.38
0 1.49099099099 1.134375 1.07207207207 0.74375
0 0.430555555556 0.265625 0.268518518519 0.18125
0 0.903125 0.899038461538 0.41875 0.644230769231
0 1.38559322034 0.490625 0.483050847458 0.35625
0 1.37735849057 1.54375 1.32075471698 0.875
0 1.78181818182 1.01875 1.07272727273 0.7375
0 0.445 0.196 0.33 0.264
0 0.640625 0.634375 0.41875 0.41875
0 0.473333333333 0.633333333333 0.426666666667 0.426666666667
0 1.0875 0.716535433071 0.475 0.59842519685
0 1.88679245283 0.85625 0.924528301887 0.6125
1 0.983870967742 1.4 1.27419354839 0.9875
1 1.090625 0.578125 0.48125 0.48125
1 0.748407643312 1.371875 1.07643312102 1.05625
1 1.34761904762 1.184375 1.07619047619 0.70625
1 1.67961165049 1.61875 1.82524271845 1.175
1 1.1512605042 0.83125 0.806722689076 0.6
1 0.745833333333 0.653125 0.575 0.43125
1 0.571428571429 0.507142857143 0.357142857143 0.357142857143
1 3.95535714286 0.778125 1.125 0.39375
1 0.465 0.665 0.43 0.43
1 1.31640625 1.665625 1.4921875 1.19375
1 1.17796610169 0.90625 1.13559322034 0.8375
1 0.946721311475 0.915625 0.77868852459 0.59375
1 1.371875 0.865740740741 0.35625 0.527777777778
1 0.53 0.53 0.38 0.38
1 1.70168067227 0.621875 0.546218487395 0.40625
1 1.76886792453 1.290625 1.31132075472 0.86875
1 0.638392857143 0.478125 0.419642857143 0.29375
1 1.26050420168 0.60625 0.554621848739 0.4125
1 2.31756756757 0.571875 0.635135135135 0.29375
1 0.446721311475 0.559375 0.516393442623 0.39375
1 1.71171171171 1.8125 1.47747747748 1.025
1 1.39516129032 1.35 1.20967741935 0.9375
1 0.971875 1.02358490566 0.65625 0.990566037736
1 1.128125 0.53515625 0.25625 0.3203125
1 0.678571428571 0.496875 0.561224489796 0.34375
1 1.28461538462 0.825 0.507692307692 0.4125
1 1.00943396226 0.4875 0.528301886792 0.35
1 1.58125 0.884297520661 0.3875 0.512396694215
1 1.62264150943 0.6 0.603773584906 0.4
1 0.675 0.333333333333 0.175 0.233333333333
1 0.842105263158 0.88125 0.877192982456 0.625
1 0.559375 0.820175438596 0.28125 0.394736842105
1 0.448113207547 0.684375 0.820754716981 0.54375
1 1.55714285714 0.821875 0.961904761905 0.63125
1 1.028125 0.331932773109 0.26875 0.361344537815
1 1.46818181818 1.540625 1.26363636364 0.86875
1 0.884375 0.858490566038 1.15625 1.16352201258
1 0.872727272727 0.73125 0.818181818182 0.5625
1 0.896226415094 0.6 1.1320754717 0.75
1 1.0406504065 0.61875 0.439024390244 0.3375
1 0.425 0.46 0.416666666667 0.333333333333
1 1.00724637681 0.41875 0.391304347826 0.3375
1 0.763565891473 0.771875 0.674418604651 0.54375
1 1.16129032258 0.65625 0.564516129032 0.4375
1 0.335 0.325 0.35 0.35
1 1.50476190476 0.725 0.780952380952 0.5125
1 0.971875 0.948113207547 0.51875 0.783018867925
1 0.55625 0.80701754386 0.275 0.385964912281
1 2.00769230769 1.2375 0.753846153846 0.6125
1 0.790625 0.70703125 0.31875 0.3984375
1 1.628 0.534375 0.488 0.38125
1 1.44047619048 0.503125 0.452380952381 0.35625
1 1.79716981132 0.928125 0.764150943396 0.50625
1 0.679487179487 0.471875 0.264957264957 0.19375
1 0.631782945736 0.565625 0.441860465116 0.35625
1 0.754166666667 0.153125 0.208333333333 0.15625
1 0.858974358974 1.05 0.782051282051 0.7625
1 2.225 0.80625 0.616666666667 0.4625
1 1.42276422764 0.825 0.471544715447 0.3625
1 1.64230769231 0.646875 1.08461538462 0.88125
1 0.984375 0.693277310924 0.46875 0.63025210084
1 1.35483870968 0.625 0.483870967742 0.375
1 1.78571428571 1.225 0.666666666667 0.525
1 0.458333333333 0.227848101266 0.333333333333 0.253164556962
1 1.30952380952 0.63125 0.555555555556 0.4375
1 1.49047619048 0.746875 0.904761904762 0.59375
1 1.68867924528 0.7875 0.792452830189 0.525
1 0.42 0.653333333333 0.453333333333 0.453333333333
1 1.50884955752 0.928125 0.752212389381 0.53125
1 0.471698113208 0.4125 0.396226415094 0.2625
1 0.554545454545 0.5625 0.545454545455 0.375
1 0.622807017544 0.430769230769 0.368421052632 0.323076923077
1 1.30672268908 0.996875 0.865546218487 0.64375
1 0.766666666667 0.65625 0.433333333333 0.325
1 1.52083333333 1.040625 1.025 0.76875
1 1.021875 1.25 0.70625 1.06603773585
1 1.065625 1.03781512605 0.63125 0.848739495798
1 1.54375 0.890756302521 0.3125 0.420168067227
1 1.83177570093 0.7875 0.672897196262 0.45
1 1.36290322581 1.48125 1.24193548387 0.9625
1 1.05319148936 0.803125 0.390070921986 0.34375
1 1.624 0.53125 0.512 0.4
2 1.103125 0.744791666667 0.23125 0.385416666667
2 0.575471698113 0.43125 0.547169811321 0.3625
2 1.23504273504 1.178125 1.32478632479 0.96875
2 0.526845637584 0.355 0.221476510067 0.33
2 0.590625 0.5375 0.21875 0.291666666667
2 1.196875 1.08962264151 0.36875 0.556603773585
2 0.49609375 0.403125 0.3828125 0.30625
2 0.514285714286 0.5 0.414285714286 0.414285714286
2 0.6625 0.609022556391 0.375 0.451127819549
2 1.13821138211 0.90625 0.780487804878 0.6
2 0.6625 0.674157303371 0.325 0.584269662921
2 0.422222222222 0.362962962963 0.42962962963 0.42962962963
2 1.25641025641 1.01875 1.00854700855 0.7375
2 1.21120689655 1.059375 1.16379310345 0.84375
2 1.2196969697 1.06875 0.909090909091 0.75
2 0.785256410256 0.903125 0.608974358974 0.59375
2 0.603125 0.540178571429 0.24375 0.348214285714
2 1.1 0.715625 0.714285714286 0.46875
2 0.758333333333 0.73125 0.666666666667 0.5
2 1.68 0.63125 0.58 0.3625
2 0.840625 1.03153153153 0.38125 0.54954954955
2 1.45754716981 0.828125 0.707547169811 0.46875
2 0.481132075472 0.4875 0.509433962264 0.3375
2 0.855263157895 1.459375 0.675438596491 0.48125
2 1.36861313869 0.346875 0.503649635036 0.43125
2 0.546666666667 0.55 0.293333333333 0.44
2 1.38157894737 1.378125 2.23684210526 1.59375
2 0.452830188679 0.3359375 0.320754716981 0.265625
2 0.516393442623 0.625 0.672131147541 0.5125
2 1.39545454545 1.053125 1.24545454545 0.85625
2 0.633333333333 0.358778625954 0.25 0.229007633588
2 0.728155339806 0.60625 0.718446601942 0.4625
2 0.39 0.17 0.28 0.28
2 1.146875 0.47641509434 0.18125 0.27358490566
2 1.43043478261 0.659375 0.669565217391 0.48125
2 1.00625 1.14563106796 0.275 0.427184466019
2 1.65566037736 0.878125 1.10377358491 0.73125
2 1.91037735849 1.271875 1.78301886792 1.18125
2 0.61320754717 0.425 0.528301886792 0.35
2 1.134375 0.758426966292 0.35625 0.640449438202
2 0.98125 0.895833333333 0.425 0.708333333333
2 1.30275229358 1.125 0.97247706422 0.6625
2 1.64049586777 0.621875 0.96694214876 0.73125
2 1.1875 1.021875 1.33653846154 0.86875
2 0.740625 0.341346153846 0.19375 0.298076923077
2 1.05 0.85 0.7125 0.95
2 1.59583333333 0.528125 0.491666666667 0.36875
2 0.525210084034 0.371875 0.310924369748 0.23125
2 0.51 0.37 0.26 0.26
2 1.70454545455 1.190625 1.3 0.89375
2 1.3515625 1.15625 1.03125 0.825
2 1.165625 0.778301886792 0.51875 0.783018867925
2 0.895652173913 0.8 0.678260869565 0.4875
2 1.32592592593 0.45625 0.37037037037 0.3125
2 1.2247706422 0.784375 1.8623853211 1.26875
2 0.953125 1.16386554622 0.60625 0.81512605042
2 0.875 0.432692307692 0.425 0.653846153846
2 1.2875 0.650943396226 0.25 0.377358490566
2 1.37109375 1.228125 1.1015625 0.88125
2 1.74090909091 0.734375 0.809090909091 0.55625
2 1.84347826087 0.71875 0.747826086957 0.5375
2 1.484375 0.46484375 0.30625 0.3828125
2 0.872881355932 0.88125 0.491525423729 0.3625
2 0.721698113208 0.703125 0.858490566038 0.56875
2 1.44859813084 1.06875 0.523364485981 0.35
2 1.540625 1.21428571429 0.94375 1.02721088435
2 0.415625 0.459375 0.36875 0.36875
2 1.14429530201 0.328125 0.409395973154 0.38125
2 1.60683760684 0.7125 1.64102564103 1.2
2 1.340625 0.881147540984 0.56875 0.745901639344
2 0.659090909091 0.453125 0.518181818182 0.35625
2 0.926229508197 0.475 0.655737704918 0.5
2 1.103125 1.33490566038 0.81875 1.2358490566
2 0.887387387387 0.471875 0.63963963964 0.44375
2 1.5625 1.08333333333 0.95 1.26666666667
2 1.11111111111 0.9125 0.746031746032 0.5875
3 1.10852713178 0.8875 0.666666666667 0.5375
3 1.28616352201 0.953125 0.924528301887 0.91875
3 1.0875 1.32394366197 1.225 1.38028169014
3 0.946202531646 0.884375 0.791139240506 0.78125
3 0.84765625 1.128125 0.5234375 0.41875
3 1.56422018349 1.046875 1.22018348624 0.83125
3 0.640625 0.4375 0.36875 0.491666666667
3 1.55140186916 1.29375 1.77570093458 1.1875
3 1.265625 0.973076923077 0.83125 1.02307692308
3 1.27536231884 0.9375 1.0 0.8625
3 0.478125 0.4125 0.24375 0.325
3 0.925324675325 0.715625 0.474025974026 0.45625
3 0.91059602649 0.415625 0.258278145695 0.24375
3 1.88034188034 0.725 0.752136752137 0.55
3 0.459375 0.615625 0.66875 0.66875
3 1.0375 0.816666666667 0.325 0.433333333333
3 2.07547169811 0.49375 0.660377358491 0.4375
3 0.601941747573 0.2125 0.271844660194 0.175
3 0.5 0.352459016393 0.186666666667 0.229508196721
3 1.5875 1.39495798319 0.525 0.705882352941
3 0.986111111111 0.584375 0.694444444444 0.46875
3 1.4625 0.760869565217 0.55 0.63768115942
3 1.56730769231 1.43125 1.71153846154 1.1125
3 1.084375 1.32421875 0.69375 0.8671875
3 1.0875 1.29007633588 1.05 1.28244274809
3 1.23021582734 0.925 0.705035971223 0.6125
3 1.09051724138 1.134375 0.974137931034 0.70625
3 1.34965034965 1.425 1.63636363636 1.4625
3 0.759375 0.587591240876 0.34375 0.401459854015
3 1.41353383459 0.8 1.03759398496 0.8625
3 1.184375 1.00420168067 1.04375 1.40336134454
3 1.35 0.934306569343 0.525 0.613138686131
3 0.925 0.6953125 0.2875 0.359375
3 0.9125 1.10714285714 0.475 0.678571428571
3 1.18852459016 0.74375 0.655737704918 0.5
3 0.934375 0.760504201681 0.64375 0.865546218487
3 1.296875 1.24789915966 0.86875 1.16806722689
3 1.57327586207 0.990625 1.18103448276 0.85625
3 1.353125 1.13865546218 1.43125 1.9243697479
3 1.28571428571 0.93125 0.968253968254 0.7625
3 0.98125 1.42857142857 0.8875 1.01428571429
3 0.678125 1.16776315789 1.14375 1.20394736842
3 1.109375 0.861344537815 0.69375 0.932773109244
3 1.134375 1.09663865546 0.88125 1.18487394958
3 1.128125 1.06302521008 0.59375 0.798319327731
3 1.1106557377 0.934375 0.827868852459 0.63125
3 1.375 0.470588235294 0.35 0.470588235294
3 0.940625 0.752100840336 0.39375 0.529411764706
3 1.0 0.475 0.583333333333 0.4375
3 1.9022556391 1.15625 1.2030075188 1.0
3 1.17666666667 1.165625 0.953333333333 0.89375
3 1.12871287129 1.1875 1.44554455446 0.9125
3 1.14285714286 1.0125 1.14285714286 1.0
3 0.981751824818 0.996875 0.751824817518 0.64375
3 1.01633986928 0.765625 0.529411764706 0.50625
3 0.88125 1.36434108527 0.55 0.682170542636
3 1.61160714286 0.721875 0.723214285714 0.50625
3 1.59482758621 1.65 2.29310344828 1.6625
3 1.58910891089 1.159375 1.37623762376 0.86875
3 1.48046875 1.696875 1.5078125 1.20625
3 1.76315789474 1.1875 1.01754385965 0.725
3 1.20416666667 1.053125 0.741666666667 0.55625
3 0.659375 0.953781512605 0.63125 0.848739495798
3 1.08888888889 0.98125 0.948148148148 0.8
3 0.6125 0.359375 0.358333333333 0.26875
3 0.545454545455 0.45 0.560606060606 0.4625
3 0.855140186916 0.928125 0.644859813084 0.43125
3 1.484375 1.49038461538 1.05625 1.08333333333
3 1.41981132075 0.759375 0.915094339623 0.60625
3 1.04198473282 0.915625 0.740458015267 0.60625
3 1.17578125 0.771875 0.6796875 0.54375
3 1.25555555556 0.553125 0.481481481481 0.40625
3 1.94339622642 0.79375 1.07547169811 0.7125
3 0.683760683761 0.46875 0.495726495726 0.3625
3 0.909375 1.02922077922 0.79375 0.824675324675
3 1.24545454545 0.6375 0.763636363636 0.525
3 0.421641791045 0.328125 0.276119402985 0.23125
3 2.02702702703 1.0625 1.62162162162 1.125
3 1.63917525773 0.58125 0.762886597938 0.4625
3 1.91121495327 1.471875 1.76635514019 1.18125
3 1.48319327731 0.665625 0.731092436975 0.54375
3 0.85625 0.7734375 0.5375 0.671875
3 1.484375 0.617647058824 0.46875 0.63025210084
3 0.46875 0.408333333333 0.5 0.666666666667
3 1.490625 0.768181818182 0.29375 0.427272727273
3 0.690625 1.25539568345 0.86875 1.0
3 1.09375 0.72972972973 0.4 0.576576576577
3 1.259375 1.33193277311 0.98125 1.31932773109
3 0.7125 1.24347826087 0.725 1.00869565217
3 0.89375 0.592 0.4 0.512
3 1.175 0.6125 0.5 0.375
3 1.33771929825 0.440625 0.69298245614 0.49375
3 0.303571428571 0.302884615385 0.207142857143 0.278846153846
3 1.5 1.090625 1.0 0.81875
3 1.528125 0.775423728814 0.38125 0.516949152542
3 1.13181818182 0.559375 0.481818181818 0.33125
3 1.575 1.17647058824 0.5625 0.756302521008
3 0.934375 0.654109589041 0.64375 0.705479452055
3 1.59595959596 0.41875 0.545454545455 0.3375
3 1.3786407767 1.25 1.47572815534 0.95
3 0.600746268657 0.653125 0.485074626866 0.40625
3 1.75462962963 1.065625 1.08333333333 0.73125
3 1.17355371901 0.76875 0.677685950413 0.5125
3 1.36448598131 1.1 1.2523364486 0.8375
3 0.484375 0.545833333333 0.26875 0.358333333333
3 0.85625 0.90625 0.775 0.775
3 1.3738317757 1.41875 0.990654205607 0.6625
3 0.934027777778 0.971875 0.770833333333 0.69375
3 0.859375 0.2625 0.18125 0.241666666667
3 1.56132075472 0.853125 0.650943396226 0.43125
3 1.0875 0.596638655462 0.375 0.504201680672
3 1.015625 0.904166666667 0.53125 0.708333333333
3 0.858108108108 1.2125 1.10810810811 1.025
3 0.90625 0.764705882353 0.85 1.14285714286
3 1.0325203252 0.65 0.79674796748 0.6125
3 0.891304347826 0.778125 0.75652173913 0.54375
3 0.95625 0.378151260504 0.3125 0.420168067227
3 0.885321100917 0.496875 0.724770642202 0.49375
3 1.37878787879 0.85625 0.818181818182 0.675
3 0.517094017094 0.495283018868 0.264957264957 0.292452830189
3 1.36403508772 1.240625 1.06140350877 0.75625
3 1.446875 0.726890756303 0.58125 0.781512605042
3 1.90789473684 1.140625 1.48245614035 1.05625
3 1.315625 1.3487394958 0.89375 1.20168067227
3 1.178125 1.22972972973 0.68125 0.981981981982
3 1.375 0.7375 0.666666666667 0.5
3 0.935810810811 0.915625 0.722972972973 0.66875
3 1.153125 1.10504201681 0.90625 1.21848739496
3 1.10273972603 0.54375 0.493150684932 0.45
3 0.878125 0.818518518519 0.43125 0.511111111111
3 1.54954954955 1.49375 1.6036036036 1.1125
3 1.3 0.890756302521 0.4375 0.588235294118
3 1.109375 0.533613445378 0.45625 0.613445378151
3 1.66822429907 1.315625 1.14953271028 0.76875
3 0.973880597015 0.728125 0.679104477612 0.56875
3 0.495283018868 0.328125 0.424528301887 0.28125
3 1.546875 0.911764705882 0.60625 0.81512605042
3 1.33018867925 0.98125 0.830188679245 0.55
3 0.921875 1.24056603774 0.61875 0.933962264151
3 1.47727272727 0.80625 0.712121212121 0.5875
3 1.57661290323 1.134375 1.07258064516 0.83125
3 1.05 1.06930693069 0.5625 0.891089108911
3 1.29245283019 1.08125 1.49056603774 0.9875
3 1.47196261682 1.134375 1.14953271028 0.76875
3 0.476510067114 0.46 0.281879194631 0.42
3 1.03125 1.28571428571 0.7 0.941176470588
3 1.14173228346 1.15 0.803149606299 0.6375
3 0.905660377358 1.01875 0.981132075472 0.65
3 1.59905660377 1.440625 1.16037735849 0.76875
3 1.08214285714 1.034375 0.735714285714 0.64375
3 0.5 0.846875 0.747899159664 0.55625
3 0.871875 1.36320754717 0.84375 1.27358490566
3 1.25625 1.10924369748 1.1 1.47899159664
3 1.46116504854 1.040625 0.747572815534 0.48125
3 2.35436893204 1.021875 1.11650485437 0.71875
3 1.240625 1.11344537815 0.91875 1.23529411765
3 1.61009174312 0.784375 1.12844036697 0.76875
3 1.45535714286 1.11875 1.05357142857 0.7375
3 0.910377358491 0.778125 0.61320754717 0.40625
3 1.365625 0.794117647059 0.66875 0.899159663866
3 0.730496453901 0.53125 0.45390070922 0.4
3 0.896875 1.05519480519 1.04375 1.08441558442
3 1.09375 1.19375 0.921875 0.7375
3 1.55128205128 1.034375 1.73504273504 1.26875
3 0.4125 0.665517241379 0.541666666667 0.448275862069
3 1.73394495413 0.93125 0.807339449541 0.55
3 0.63125 0.416666666667 0.2625 0.35
3 1.075 1.33613445378 0.6875 0.924369747899
3 0.42 0.64 0.46 0.46
3 0.652542372881 0.58125 1.03389830508 0.7625
3 0.554545454545 0.2125 0.309090909091 0.2125
3 0.857142857143 1.2 1.19047619048 0.9375
3 1.0871559633 0.790625 0.743119266055 0.50625
3 1.316 0.978125 1.0 0.78125
3 1.04166666667 0.684375 0.621794871795 0.60625
3 1.5401459854 1.03125 0.905109489051 0.775
3 2.09633027523 1.128125 1.05504587156 0.71875
3 1.14453125 0.809375 0.7578125 0.60625
3 1.57079646018 1.359375 1.12389380531 0.79375
3 0.796875 0.685 0.39375 0.63
3 1.371875 1.395 0.69375 1.11
3 0.406666666667 0.318584070796 0.2 0.265486725664
3 0.890625 0.966981132075 1.16875 1.7641509434
3 1.34453781513 1.08125 1.02521008403 0.7625
3 0.872950819672 0.540625 0.581967213115 0.44375
3 1.42213114754 0.959375 0.975409836066 0.74375
3 0.565420560748 0.371875 0.457943925234 0.30625
3 1.61320754717 1.1875 1.28301886792 0.85
3 1.26016260163 0.975 0.878048780488 0.675
3 1.43884892086 0.46875 0.604316546763 0.525
3 0.715517241379 0.48125 0.586206896552 0.425
3 1.54716981132 1.00625 1.2641509434 0.8375
3 1.92307692308 0.73125 1.01923076923 0.6625
3 1.384375 0.768907563025 0.25625 0.344537815126
3 0.64375 0.648648648649 0.4875 0.527027027027
3 1.53418803419 0.846875 1.08547008547 0.79375
3 1.14754098361 0.8375 0.803278688525 0.6125
3 0.721875 0.548780487805 0.68125 0.886178861789
3 0.603448275862 0.59375 0.48275862069 0.35
3 1.89622641509 1.00625 0.962264150943 0.6375
3 1.1875 1.546875 1.625 1.21875
3 1.325 0.984962406015 0.7375 0.887218045113
3 1.292 1.040625 1.576 1.23125
3 0.584375 0.445833333333 0.38125 0.508333333333
3 1.45625 1.15966386555 1.225 1.64705882353
3 1.22169811321 0.996875 0.952830188679 0.63125
3 0.829787234043 0.88125 0.794326241135 0.7
3 1.12341772152 0.709375 0.677215189873 0.66875
3 1.24056603774 0.871875 0.990566037736 0.65625
3 1.43805309735 1.209375 1.10619469027 0.78125
3 1.36764705882 1.228125 1.28431372549 0.81875
3 1.253125 1.18067226891 1.18125 1.58823529412
3 0.513636363636 0.296666666667 0.318181818182 0.233333333333
3 0.696875 0.2125 0.18125 0.241666666667
3 0.972 1.096875 0.92 0.71875
3 1.046875 1.04166666667 0.54375 0.659090909091
3 0.984375 0.797520661157 0.46875 0.619834710744
3 1.2 1.0 0.783333333333 0.5875
3 1.48198198198 1.090625 1.23423423423 0.85625
3 0.63671875 0.596875 0.6484375 0.51875
3 1.83189655172 1.084375 0.853448275862 0.61875
3 0.559375 0.643884892086 0.41875 0.482014388489
3 0.98828125 0.671875 0.6640625 0.53125
3 0.490654205607 0.253125 0.252336448598 0.16875
3 0.64375 0.90756302521 0.625 0.840336134454
3 1.425 0.81512605042 0.525 0.705882352941
3 1.41153846154 0.865625 0.792307692308 0.64375
3 0.706666666667 0.230088495575 0.173333333333 0.230088495575
3 1.57317073171 0.634375 0.593495934959 0.45625
3 1.30769230769 0.925 0.807692307692 0.525
3 1.025 0.90625 1.03333333333 0.775
3 1.26736111111 0.884375 0.9375 0.84375
3 1.08125 0.773109243697 0.45 0.605042016807
3 0.881578947368 0.565625 0.517543859649 0.36875
3 1.034375 0.421568627451 0.44375 0.464052287582
3 0.934375 1.24367088608 1.50625 1.5253164557
3 0.709090909091 0.426666666667 0.4 0.293333333333
3 0.95 1.08403361345 1.025 1.3781512605
3 1.22 1.346875 0.504 0.39375
3 0.869918699187 0.625 0.829268292683 0.6375
3 0.971774193548 0.940625 0.911290322581 0.70625
3 1.24528301887 1.4125 1.33962264151 0.8875
3 1.49375 0.949579831933 0.3375 0.453781512605
3 1.26875 1.46280991736 0.8125 1.07438016529
3 1.61214953271 0.740625 0.869158878505 0.58125
3 0.88125 1.36974789916 1.0 1.34453781513
3 1.25625 1.21008403361 0.875 1.17647058824
3 0.409375 0.5125 0.29375 0.391666666667
3 0.709375 0.2875 0.20625 0.275
3 1.3287037037 0.853125 0.953703703704 0.64375
3 1.648 1.0375 0.816 0.6375
3 1.0375 0.424 0.4875 0.624
3 0.762820512821 1.20625 0.910256410256 0.8875
3 1.07299270073 0.8875 0.642335766423 0.55
3 1.43457943925 0.884375 0.775700934579 0.51875
3 1.49375 0.46218487395 0.3125 0.420168067227
3 1.30514705882 0.859375 0.963235294118 0.81875
3 0.684375 0.357142857143 0.23125 0.310924369748
3 0.553125 0.884259259259 0.51875 0.768518518519
3 1.54621848739 1.88125 1.74789915966 1.3
3 0.390845070423 0.635 0.232394366197 0.33
3 0.5 0.836879432624 0.5875 0.666666666667
3 1.04225352113 1.04375 0.859154929577 0.7625
3 1.18 0.590625 0.504 0.39375
3 0.721875 0.530701754386 0.35625 0.5
3 0.4625 0.491666666667 0.3625 0.483333333333
3 0.483108108108 0.391891891892 0.182432432432 0.243243243243
3 0.753125 0.928571428571 0.46875 0.824175824176
3 1.23109243697 0.959375 0.915966386555 0.68125
3 1.321875 0.718487394958 0.79375 1.06722689076
3 0.91875 1.03053435115 0.7 0.854961832061
3 1.20068027211 0.996875 0.918367346939 0.84375
3 1.59278350515 0.890625 1.24742268041 0.75625
3 1.55882352941 1.496875 1.31932773109 0.98125
3 1.42523364486 1.440625 1.07476635514 0.71875
3 1.340625 1.09663865546 1.33125 1.78991596639
3 1.62393162393 1.41875 1.76068376068 1.2875
3 1.353125 0.995798319328 0.59375 0.798319327731
3 0.98125 1.14285714286 0.85 1.14285714286
3 0.492592592593 0.344444444444 0.214814814815 0.214814814815
3 1.19666666667 1.653125 1.00666666667 0.94375
3 0.89375 1.09243697479 1.375 1.8487394958
3 1.5625 1.24369747899 0.9375 1.26050420168
3 1.37676056338 0.659375 0.528169014085 0.46875
3 1.23195876289 0.590625 0.731958762887 0.44375
3 1.121875 1.13025210084 0.64375 0.865546218487
3 1.0 1.23529411765 0.825 1.10924369748
3 1.365625 1.23949579832 0.81875 1.10084033613
3 1.090625 1.00420168067 0.45625 0.613445378151
3 0.621495327103 0.653125 0.644859813084 0.43125
3 1.553125 0.978991596639 0.59375 0.798319327731
3 1.075 0.915966386555 0.6375 0.857142857143
3 0.710526315789 0.3875 0.473684210526 0.3375
3 0.733333333333 0.3875 0.4 0.3
3 0.405660377358 0.327044025157 0.320754716981 0.213836477987
3 0.56976744186 0.734375 0.953488372093 0.76875
3 1.56542056075 1.496875 1.16822429907 0.78125
3 1.47540983607 1.3625 1.18032786885 0.9
3 0.402542372881 0.316993464052 0.330508474576 0.254901960784
3 1.10185185185 0.84375 0.685185185185 0.4625
3 1.11009174312 1.23125 1.30275229358 0.8875
3 1.5787037037 0.740625 0.87962962963 0.59375
3 1.04375 1.08403361345 0.8375 1.12605042017
3 1.60465116279 0.9875 1.11627906977 0.9
3 0.772727272727 0.540625 0.586776859504 0.44375
3 1.29797979798 0.584375 0.717171717172 0.44375
3 1.2572815534 0.521875 0.669902912621 0.43125
3 1.55833333333 0.825 0.6 0.45
3 0.5625 0.625 0.4125 0.55
3 0.88125 0.801886792453 0.35 0.528301886792
3 0.35625 0.71875 0.5875 0.5875
3 1.415 0.484375 0.49 0.30625
3 0.519801980198 0.234375 0.306930693069 0.19375
3 1.24285714286 1.5 1.75714285714 1.5375
3 1.33482142857 1.134375 0.991071428571 0.69375
3 0.659836065574 0.50462962963 0.286885245902 0.324074074074
3 0.9 0.873949579832 0.3 0.403361344538
3 1.19117647059 0.990625 0.872549019608 0.55625
3 0.5 0.445 0.233082706767 0.31
3 1.43525179856 1.328125 1.01438848921 0.88125
3 1.13356164384 0.753125 0.787671232877 0.71875
3 0.960869565217 0.321875 0.408695652174 0.29375
3 1.72169811321 1.753125 2.10377358491 1.39375
3 0.445833333333 0.403125 0.375 0.28125
3 1.115625 0.5 0.36875 0.450381679389
3 1.04511278195 0.90625 0.691729323308 0.575
3 1.39247311828 0.453125 0.870967741935 0.50625
3 1.10915492958 1.178125 1.1338028169 1.00625
3 0.727678571429 0.896875 0.633928571429 0.44375
3 1.53571428571 0.96875 0.946428571429 0.6625
3 1.196 0.790625 0.856 0.66875
3 1.3 0.93125 0.675 0.675
3 0.477678571429 0.240625 0.330357142857 0.23125
3 0.5 0.366666666667 0.38 0.253333333333
3 0.815625 0.829166666667 0.58125 0.775
3 1.090625 1.06302521008 0.74375 1.0
3 1.98113207547 1.69375 0.88679245283 0.5875
3 1.00740740741 1.13125 1.94074074074 1.6375
3 1.30582524272 0.971875 1.01941747573 0.65625
3 0.8375 0.483443708609 0.3625 0.384105960265
3 0.794117647059 0.69375 0.602941176471 0.5125
3 0.984375 0.355263157895 0.23125 0.324561403509
3 0.803738317757 0.80625 0.542056074766 0.3625
3 0.7875 0.626582278481 0.3 0.303797468354
3 0.985436893204 0.471875 0.47572815534 0.30625
3 1.48387096774 0.9125 0.951612903226 0.7375
3 1.04661016949 1.103125 1.39830508475 1.03125
3 1.15 0.655462184874 0.5875 0.789915966387
3 0.684375 0.995798319328 0.36875 0.495798319328
3 1.275 1.09243697479 0.85 1.14285714286
3 1.3625 0.79375 1.25 0.625
3 1.4593495935 1.165625 1.0162601626 0.78125
3 0.9875 0.916030534351 1.2875 1.57251908397
3 0.696721311475 0.34375 0.344262295082 0.2625
3 1.66355140187 1.275 1.23364485981 0.825
3 1.69339622642 1.359375 1.21698113208 0.80625
3 0.588 0.308 0.248 0.248
3 0.446666666667 0.513274336283 0.466666666667 0.619469026549
3 1.06422018349 0.9 1.08256880734 0.7375
3 0.95 0.747899159664 0.3875 0.521008403361
3 1.37916666667 1.128125 1.24166666667 0.93125
3 0.85 1.16535433071 0.775 0.976377952756
3 1.221875 0.794117647059 0.36875 0.495798319328
3 0.62 0.453333333333 0.28 0.28
3 1.13043478261 0.5375 0.504347826087 0.3625
3 1.04961832061 0.853125 0.572519083969 0.46875
3 0.537593984962 0.721875 0.894736842105 0.74375
3 0.959821428571 1.203125 1.16964285714 0.81875
3 0.853773584906 0.521875 0.349056603774 0.23125
3 0.721875 0.852941176471 0.58125 0.781512605042
3 0.684 0.315625 0.36 0.28125
3 1.50625 0.621848739496 0.3125 0.420168067227
3 1.23360655738 0.709375 1.46721311475 1.11875
3 0.690625 0.195833333333 0.16875 0.225
3 0.771875 0.947552447552 1.43125 1.6013986014
3 1.153125 1.18907563025 0.78125 1.05042016807
3 1.73333333333 1.11875 0.933333333333 0.6125
3 0.780172413793 0.496875 0.491379310345 0.35625
3 0.485981308411 0.23125 0.299065420561 0.2
3 0.45 0.346875 0.361538461538 0.29375
3 0.9875 0.8875 0.7375 0.7375
3 1.72413793103 0.91875 1.18965517241 0.8625
3 1.378125 0.970588235294 1.31875 1.7731092437
3 2.1308411215 0.69375 0.691588785047 0.4625
3 0.640625 0.329166666667 0.19375 0.258333333333
3 0.584375 1.34033613445 0.53125 0.714285714286
3 1.334375 0.970588235294 0.86875 1.16806722689
3 1.315625 0.508403361345 0.45625 0.613445378151
3 1.25833333333 0.94375 0.733333333333 0.55
3 1.09375 0.53125 0.3125 0.520833333333
3 0.759036144578 0.5125 0.409638554217 0.2125
3 1.22549019608 1.41875 1.1568627451 0.7375
3 1.28125 0.97520661157 0.8375 1.10743801653
3 0.91875 1.04895104895 0.875 0.979020979021
3 1.084375 1.26339285714 0.60625 0.866071428571
3 0.55625 0.555555555556 0.175 0.239316239316
3 0.5 0.413333333333 0.275362318841 0.253333333333
3 0.403125 1.34033613445 0.64375 0.865546218487
3 1.196875 0.945378151261 0.63125 0.848739495798
3 0.943396226415 0.95 0.754716981132 0.5
3 1.37727272727 1.359375 1.60909090909 1.10625
3 1.015625 1.17452830189 1.16875 1.7641509434
3 0.80303030303 0.54375 0.484848484848 0.4
3 1.80084745763 1.240625 1.11016949153 0.81875
3 0.556074766355 0.571875 0.420560747664 0.28125
3 1.28846153846 0.33125 0.205128205128 0.2
3 1.2375 1.05882352941 0.6375 0.857142857143
3 1.765625 1.34033613445 0.63125 0.848739495798
3 0.38 0.25 0.186666666667 0.25
3 0.940625 0.987394957983 0.61875 0.831932773109
3 1.22183098592 1.096875 0.992957746479 0.88125
3 0.515 0.387218045113 0.33 0.248120300752
3 1.47391304348 0.634375 0.6 0.43125
3 1.40625 0.789915966387 0.4375 0.588235294118
3 0.59 0.59 0.52 0.52
3 0.946875 1.05462184874 1.15625 1.55462184874
3 0.702205882353 0.284375 0.242647058824 0.20625
3 0.79375 0.8828125 0.5625 0.703125
3 1.04081632653 0.50625 0.591836734694 0.3625
3 0.903125 0.852941176471 0.53125 0.714285714286
3 1.49166666667 0.6875 0.633333333333 0.475
3 1.62992125984 0.74375 0.566929133858 0.45
3 0.865625 1.1218487395 0.79375 1.06722689076
3 0.545 0.39 0.35 0.233333333333
3 1.5625 0.41875 0.734375 0.5875
3 1.98076923077 0.975 0.826923076923 0.5375
3 1.27916666667 0.878125 0.558333333333 0.41875
3 0.548780487805 0.521875 0.463414634146 0.35625
3 2.08018867925 0.921875 0.990566037736 0.65625
3 1.36776859504 0.521875 0.487603305785 0.36875
3 0.713541666667 0.234375 0.322916666667 0.19375
3 1.1 1.05442176871 0.7 0.761904761905
3 1.4 0.804347826087 0.35 0.405797101449
3 1.28632478632 1.021875 1.01709401709 0.74375
3 1.21495327103 0.4875 0.616822429907 0.4125
3 1.340625 0.390756302521 0.26875 0.361344537815
3 0.28 0.248 0.368 0.368
3 1.734375 0.5 0.33125 0.445378151261
3 1.46666666667 0.7 0.716666666667 0.5375
3 1.278125 1.14705882353 0.65625 0.882352941176
3 0.4125 0.27731092437 0.1875 0.252100840336
3 1.49375 1.15966386555 0.7 0.941176470588
3 1.77619047619 0.984375 0.866666666667 0.56875
3 1.65725806452 0.934375 0.862903225806 0.66875
3 1.490625 0.767175572519 0.79375 0.969465648855
3 1.26875 0.887417218543 0.775 0.82119205298
3 0.328 0.58 0.384 0.48
3 1.40909090909 0.715625 0.520661157025 0.39375
3 0.881944444444 0.49375 0.472222222222 0.425
3 0.424107142857 0.403125 0.276785714286 0.19375
3 1.03813559322 1.090625 1.53389830508 1.13125
3 1.82547169811 0.953125 1.06603773585 0.70625
3 0.45 0.25 0.193333333333 0.193333333333
3 2.44791666667 0.7875 1.47916666667 0.8875
3 0.74375 0.857142857143 0.75 0.779220779221
3 1.83027522936 0.828125 0.651376146789 0.44375
3 1.53879310345 0.546875 0.560344827586 0.40625
3 0.65 1.10924369748 1.25 1.68067226891
3 0.837121212121 0.984375 0.886363636364 0.73125
3 1.496875 0.71484375 0.41875 0.5234375
3 0.355769230769 0.5125 0.615384615385 0.4
3 0.984375 0.659663865546 0.85625 1.1512605042
3 1.34375 1.6625 1.578125 1.2625
3 0.95625 0.680672268908 0.3625 0.487394957983
3 1.5625 1.34453781513 0.65 0.873949579832
3 0.459677419355 0.272 0.193548387097 0.192
3 1.1393442623 1.60625 1.49180327869 1.1375
3 1.31034482759 0.54375 0.5 0.3625
3 1.165625 0.542016806723 0.28125 0.378151260504
3 1.55238095238 0.74375 0.685714285714 0.45
3 1.14642857143 1.509375 1.57857142857 1.38125
3 0.895833333333 0.996875 0.658333333333 0.49375
3 0.675 0.81512605042 0.4875 0.655462184874
3 1.34761904762 0.846875 0.695238095238 0.45625
3 1.0157480315 0.60625 0.677165354331 0.5375
3 1.40277777778 0.728125 0.768518518519 0.51875
3 0.505 0.475 0.87 0.87
3 1.20625 1.09589041096 1.2375 1.35616438356
3 1.234375 1.00510204082 0.40625 0.663265306122
3 1.484375 0.861344537815 0.48125 0.647058823529
3 1.10625 0.72268907563 0.55 0.739495798319
3 0.490566037736 0.29375 0.264150943396 0.175
3 1.13524590164 0.734375 0.77868852459 0.59375
3 0.4875 0.6125 0.2 0.2
3 0.128 0.552 0.208 0.208
3 1.5871559633 0.83125 0.899082568807 0.6125
3 0.49375 0.3 0.1625 0.2
3 1.746875 0.516806722689 0.39375 0.529411764706
3 2.21917808219 0.775 0.794520547945 0.3625
3 1.403125 0.474789915966 0.23125 0.310924369748
3 1.41588785047 0.846875 0.81308411215 0.54375
3 0.6375 0.993421052632 0.725 0.763157894737
3 0.3125 0.466019417476 0.175 0.271844660194
3 1.415625 0.726890756303 0.40625 0.546218487395
3 1.1125 0.546218487395 0.2875 0.386554621849
3 0.663636363636 0.4 0.472727272727 0.346666666667
3 1.559375 0.676470588235 0.45625 0.613445378151
3 1.346875 0.936974789916 0.53125 0.714285714286
3 1.309375 1.26470588235 1.16875 1.57142857143
3 1.6 0.596638655462 0.2875 0.386554621849
3 1.63131313131 0.584375 0.737373737374 0.45625
3 1.384375 1.23109243697 1.03125 1.38655462185
3 1.55909090909 1.259375 0.972727272727 0.66875
3 0.5 0.606481481481 0.296551724138 0.398148148148
3 0.734615384615 0.440625 0.207692307692 0.16875
3 1.75 1.259375 1.08490566038 0.71875
3 0.733333333333 0.309734513274 0.186666666667 0.247787610619
3 1.35840707965 0.715625 0.681415929204 0.48125
3 1.284375 1.01260504202 0.74375 1.0
3 1.50416666667 0.753125 0.625 0.46875
3 0.55 0.39 0.28 0.28
3 1.146875 1.14705882353 0.53125 0.714285714286
3 1.2734375 0.69375 0.65625 0.525
3 1.471875 0.878151260504 0.63125 0.848739495798
3 1.5125 0.739495798319 0.4625 0.621848739496
3 0.743243243243 0.278125 0.387387387387 0.26875
3 1.378125 0.466386554622 0.24375 0.327731092437
3 0.509523809524 0.236666666667 0.257142857143 0.18
3 0.971875 1.06302521008 0.65625 0.882352941176
3 1.71717171717 0.7125 0.646464646465 0.4
3 1.14210526316 0.790625 1.23157894737 0.73125
3 1.446875 0.710084033613 0.73125 0.983193277311
3 1.21875 1.15966386555 0.7125 0.957983193277
3 1.50420168067 1.08125 2.10084033613 1.5625
3 1.84234234234 0.471875 0.441441441441 0.30625
3 0.478125 0.558823529412 0.63125 0.848739495798
3 0.386666666667 0.606666666667 0.626666666667 0.626666666667
3 0.65625 0.325 0.2375 0.316666666667
3 1.50625 1.39495798319 0.725 0.974789915966
3 1.19375 0.747899159664 0.4125 0.554621848739
3 1.15833333333 1.11875 0.816666666667 0.6125
3 1.81297709924 0.978125 0.832061068702 0.68125
3 1.97641509434 1.003125 1.16037735849 0.76875
3 1.26666666667 0.54375 0.628571428571 0.4125
3 1.14230769231 0.478125 0.438461538462 0.35625
3 1.91891891892 0.70625 0.882882882883 0.6125
3 1.409375 1.39915966387 0.78125 1.05042016807
3 1.40416666667 0.940625 0.741666666667 0.55625
3 1.8785046729 1.23125 1.47663551402 0.9875
3 1.515625 0.760504201681 0.43125 0.579831932773
3 0.732142857143 0.809375 1.20714285714 1.05625
3 0.475 0.3 0.2 0.266666666667
3 0.728125 0.481308411215 0.29375 0.439252336449
3 0.95 0.72268907563 0.2875 0.386554621849
3 0.91875 1.36134453782 0.8875 1.19327731092
3 1.61363636364 1.059375 0.990909090909 0.68125
3 1.47706422018 0.8875 0.844036697248 0.575
3 0.645299145299 1.978125 0.367521367521 0.26875
3 1.22566371681 1.115625 1.14159292035 0.80625
3 1.70786516854 0.825 0.988764044944 0.55
3 0.966417910448 0.846875 0.634328358209 0.53125
3 1.2875 0.863636363636 0.4375 0.636363636364
3 1.1875 0.764705882353 0.325 0.436974789916
3 1.01875 0.512605042017 0.3 0.403361344538
3 1.653125 1.18067226891 0.74375 1.0
3 0.809734513274 0.359375 0.380530973451 0.26875
3 0.86875 0.949579831933 0.675 0.90756302521
3 1.83009708738 1.234375 1.19417475728 0.76875
3 1.49047619048 1.234375 0.980952380952 0.64375
3 0.634375 0.405 0.19375 0.31
3 1.05625 0.974789915966 0.3875 0.521008403361
3 1.1125 1.17647058824 0.5125 0.689075630252
3 1.03649635036 1.14375 1.09489051095 0.9375
3 1.1375 0.890625 0.675 0.50625
3 0.425 0.284615384615 0.366666666667 0.338461538462
3 0.547244094488 0.203448275862 0.212598425197 0.186206896552
3 1.82 1.140625 1.032 0.80625
3 1.45909090909 1.140625 1.24545454545 0.85625
3 0.578125 0.955445544554 0.65625 1.0396039604
3 1.16058394161 0.84375 0.525547445255 0.45
3 0.466165413534 0.325 0.330827067669 0.275
3 0.712903225806 0.193965517241 0.174193548387 0.23275862069
3 1.296875 1.04621848739 0.61875 0.831932773109
3 0.508064516129 0.225 0.274193548387 0.283333333333
3 0.38 0.486666666667 0.693333333333 0.693333333333
3 0.357142857143 0.356666666667 0.263157894737 0.233333333333
3 1.059375 0.702830188679 0.39375 0.594339622642
3 0.5125 0.326923076923 0.658333333333 0.607692307692
3 1.30088495575 1.41875 1.30973451327 0.925
3 1.26785714286 0.9 1.28571428571 0.9
3 0.845833333333 1.246875 1.45833333333 1.09375
3 1.45495495495 0.878125 1.09009009009 0.75625
3 1.15 0.730769230769 0.3125 0.480769230769
3 2.07009345794 0.971875 1.26168224299 0.84375
3 1.6962962963 0.5625 0.474074074074 0.4
3 1.77477477477 1.9 1.98198198198 1.375
3 1.85833333333 0.70625 0.866666666667 0.65
3 0.5 0.33606557377 0.320754716981 0.27868852459
3 0.809352517986 0.265625 0.323741007194 0.28125
3 1.35123966942 1.815625 0.884297520661 0.66875
3 0.19 0.438053097345 0.273333333333 0.362831858407
3 1.590625 0.688034188034 0.39375 0.538461538462
3 0.6875 0.625 0.375 0.5
3 1.371875 0.752100840336 0.59375 0.798319327731
3 0.98125 0.857142857143 0.3625 0.487394957983
3 0.790625 0.733082706767 0.45625 0.548872180451
3 1.64765100671 1.434375 1.36241610738 1.26875
3 1.621875 0.668067226891 0.39375 0.529411764706
3 1.14285714286 0.50625 0.496240601504 0.4125
3 1.684375 0.550420168067 0.64375 0.865546218487
3 0.9125 0.310924369748 0.2875 0.386554621849
3 1.00625 0.478991596639 0.2625 0.352941176471
3 0.475 0.375 0.416666666667 0.3125
3 1.23181818182 0.665625 0.718181818182 0.49375
3 0.628571428571 0.625 0.533333333333 0.35
3 1.46218487395 1.075 0.521008403361 0.3875
3 1.15 0.731092436975 0.3 0.403361344538
3 1.08125 1.0 0.475 0.638655462185
3 1.29166666667 0.959375 0.780303030303 0.64375
3 1.221875 0.93949044586 1.24375 1.26751592357
3 1.73611111111 1.584375 1.73148148148 1.16875
3 1.64285714286 0.6625 0.52380952381 0.4125
3 0.395 0.256849315068 0.31 0.212328767123
3 1.11409395973 0.56875 0.697986577181 0.65
3 1.459375 1.20588235294 0.65625 0.882352941176
3 0.807339449541 0.71875 1.19266055046 0.8125
3 1.296875 1.05462184874 0.71875 0.966386554622
3 0.89453125 0.590625 0.4765625 0.38125
3 0.66875 0.294117647059 0.2 0.268907563025
3 1.30841121495 0.95625 0.841121495327 0.5625
3 1.253125 0.96186440678 0.66875 0.906779661017
3 1.56730769231 1.20625 1.55769230769 1.0125
3 0.615 0.43 0.51 0.34
3 0.533333333333 0.5375 0.633333333333 0.475
3 0.706081081081 0.478125 0.560810810811 0.51875
3 0.8875 0.981308411215 0.4875 0.728971962617
3 0.471698113208 0.25 0.245283018868 0.1625
3 1.109375 0.987394957983 0.53125 0.714285714286
3 1.353125 0.323529411765 0.28125 0.378151260504
3 0.69375 0.362068965517 0.175 0.241379310345
3 1.11888111888 0.74375 0.559440559441 0.5
3 1.58333333333 0.696875 0.605263157895 0.43125
3 1.309375 1.18067226891 0.86875 1.16806722689
3 1.2803030303 0.925 0.651515151515 0.5375
3 1.140625 0.977272727273 0.60625 0.62987012987
3 1.925 1.109375 1.11 0.69375
3 0.79375 0.620689655172 0.5375 0.741379310345
3 1.92990654206 1.053125 1.24299065421 0.83125
3 1.93951612903 0.390625 0.266129032258 0.20625
3 1.3785046729 0.865625 0.81308411215 0.54375
3 0.746153846154 0.56875 0.307692307692 0.25
3 1.27830188679 1.384375 1.7641509434 1.16875
3 1.00471698113 0.421875 0.575471698113 0.38125
3 0.728125 0.701680672269 0.41875 0.563025210084
3 1.60096153846 0.453125 0.509615384615 0.33125
3 0.646875 0.424369747899 0.25625 0.344537815126
3 0.236666666667 0.296666666667 0.246666666667 0.246666666667
3 0.97641509434 0.440625 0.5 0.33125
3 0.52 0.49 0.32 0.32
3 1.85416666667 0.68125 0.645833333333 0.3875
3 1.89150943396 0.915625 0.669811320755 0.44375
3 1.1 1.10280373832 0.5125 0.766355140187
3 1.4875 0.786259541985 0.725 0.885496183206
3 1.53125 0.606299212598 0.4625 0.582677165354
3 0.768965517241 0.25462962963 0.186206896552 0.25
3 1.80373831776 0.8875 1.10280373832 0.7375
3 1.63274336283 1.196875 1.54867256637 1.09375
3 1.58189655172 1.228125 1.09482758621 0.79375
3 1.01538461538 1.44375 1.76923076923 1.4375
3 1.096875 1.43214285714 0.60625 0.692857142857
3 0.476 0.445 0.248 0.31
3 1.9504950495 1.30625 1.22772277228 0.775
3 0.834375 0.50462962963 0.33125 0.490740740741
3 1.01875 1.11475409836 0.525 0.688524590164
3 1.34259259259 0.74375 0.907407407407 0.6125
3 1.365625 0.575630252101 0.35625 0.478991596639
3 0.557522123894 0.293333333333 0.265486725664 0.2
3 1.465625 0.760504201681 0.49375 0.663865546218
3 1.38125 0.90756302521 0.5125 0.689075630252
3 1.25862068966 0.825 0.844827586207 0.6125
3 1.48125 0.899159663866 0.55 0.739495798319
3 1.259375 0.365546218487 0.24375 0.327731092437
3 1.271875 0.995798319328 0.70625 0.949579831933
3 1.9068627451 0.959375 1.10784313725 0.70625
3 0.513888888889 0.359375 0.472222222222 0.31875
3 0.613636363636 0.373333333333 0.257575757576 0.226666666667
3 1.01875 1.47959183673 0.7375 1.20408163265
3 1.31875 1.26890756303 1.1375 1.52941176471
3 1.146875 0.451048951049 0.16875 0.188811188811
3 1.62962962963 0.925 1.03703703704 0.7
3 0.595454545455 0.496875 0.627272727273 0.43125
3 1.68553459119 1.15 0.85534591195 0.85
3 0.596875 0.496268656716 0.38125 0.455223880597
3 1.665625 0.59243697479 0.29375 0.394957983193
3 0.629166666667 0.426923076923 0.558333333333 0.515384615385
3 0.6 0.266666666667 0.2 0.266666666667
3 0.509433962264 0.31875 0.264150943396 0.175
3 1.15 1.04201680672 0.95 1.27731092437
3 0.434375 1.00485436893 0.39375 0.611650485437
3 0.752 0.312 0.288 0.288
3 1.63157894737 1.0625 0.789473684211 0.5625
3 1.584375 1.36554621849 0.79375 1.06722689076
3 1.59134615385 1.028125 0.951923076923 0.61875
3 0.746875 0.43359375 0.26875 0.3359375
3 0.91875 1.19327731092 0.7 0.941176470588
3 1.15625 1.17924528302 0.625 0.943396226415
3 1.67452830189 1.053125 0.877358490566 0.58125
3 0.721875 0.862831858407 0.51875 0.734513274336
3 1.296875 0.684713375796 0.61875 0.630573248408
3 1.47169811321 0.80625 1.05660377358 0.7
3 0.764705882353 0.80625 0.640522875817 0.6125
3 1.20833333333 1.790625 2.0462962963 1.38125
3 1.31782945736 0.41875 0.418604651163 0.3375
3 1.87037037037 0.49375 0.62962962963 0.425
3 1.82 0.915625 0.584 0.45625
3 1.16055045872 0.665625 0.504587155963 0.34375
3 1.39375 0.762711864407 0.6625 0.898305084746
3 0.959375 0.644827586207 0.28125 0.310344827586
3 1.3 0.773109243697 0.4125 0.554621848739
3 1.0625 0.732824427481 0.5375 0.656488549618
3 1.484375 0.617647058824 0.53125 0.714285714286
3 1.55909090909 0.903125 1.06363636364 0.73125
3 1.64754098361 1.11875 1.19672131148 0.9125
3 0.816666666667 1.3375 1.08333333333 0.8125
3 0.5859375 0.3875 0.4375 0.35
3 1.028125 0.424369747899 0.25625 0.344537815126
3 2.71153846154 0.63125 0.673076923077 0.4375
3 1.36875 0.613445378151 0.35 0.470588235294
3 1.53515625 0.584375 0.5859375 0.46875
3 1.22935779817 0.9 0.880733944954 0.6
3 1.01875 1.24369747899 1.025 1.3781512605
3 0.566666666667 0.313333333333 0.333333333333 0.333333333333
3 1.5141509434 0.828125 0.72641509434 0.48125
3 1.409375 0.852941176471 0.43125 0.579831932773
3 1.22641509434 0.98125 1.15094339623 0.7625
3 1.77707006369 0.85625 0.471337579618 0.4625
3 1.0 0.408333333333 0.325 0.433333333333
3 0.58125 0.666666666667 0.375 0.5
3 1.01442307692 0.421875 0.451923076923 0.29375
3 1.07 0.646875 0.526666666667 0.49375
3 1.59174311927 0.796875 0.94495412844 0.64375
3 0.25 0.310924369748 0.2 0.268907563025
3 0.831775700935 0.85625 0.579439252336 0.3875
3 0.78 0.29 0.186666666667 0.28
3 0.649038461538 0.178125 0.317307692308 0.20625
3 1.434375 0.836134453782 0.41875 0.563025210084
3 0.368 0.592 0.624 0.624
3 0.403125 0.4625 0.30625 0.408333333333
3 0.46875 0.51 0.575 0.92
3 0.491379310345 0.29375 0.293103448276 0.2125
3 0.93125 0.72268907563 0.475 0.638655462185
3 2.11224489796 1.15 1.5306122449 0.9375
3 0.607476635514 0.3875 0.336448598131 0.225
3 1.315625 1.11160714286 1.29375 1.84821428571
3 0.63125 0.563025210084 0.3375 0.453781512605
3 1.865625 0.651041666667 0.30625 0.510416666667
3 0.545833333333 0.465384615385 0.608333333333 0.561538461538
3 1.21982758621 0.565625 0.439655172414 0.31875
3 1.47767857143 0.878125 1.11607142857 0.78125
3 0.71875 0.358333333333 0.1875 0.25
3 1.44117647059 0.453125 0.647058823529 0.34375
3 1.04375 1.19801980198 0.55 0.871287128713
3 0.47 0.579646017699 0.3 0.398230088496
3 1.078125 1.18981481481 0.80625 1.19444444444
3 0.61875 0.588235294118 0.2625 0.352941176471
3 0.947115384615 1.259375 1.08653846154 0.70625
3 0.534188034188 0.321875 0.282051282051 0.20625
3 0.684 0.396875 0.36 0.28125
3 0.861111111111 0.575 0.759259259259 0.5125
3 0.895833333333 0.803125 0.641666666667 0.48125
3 1.73113207547 0.621875 0.688679245283 0.45625
3 1.55 0.504201680672 0.3 0.403361344538
3 1.83490566038 1.128125 1.16037735849 0.76875
3 1.40825688073 0.915625 1.01834862385 0.69375
3 1.44859813084 1.05625 0.953271028037 0.6375
3 1.225 1.08403361345 0.7125 0.957983193277
3 0.809375 0.4375 0.23125 0.272058823529
3 1.44545454545 0.84375 0.854545454545 0.5875
3 1.39224137931 1.478125 2.68103448276 1.94375
3 0.984126984127 0.98125 1.01587301587 0.8
3 0.55 0.52 0.44 0.44
3 1.475 1.9 0.983333333333 0.7375
3 1.28333333333 1.05625 1.15 0.8625
3 1.35714285714 0.7375 0.634920634921 0.5
3 1.1762295082 0.628125 0.696721311475 0.53125
3 0.903125 1.02941176471 0.76875 1.03361344538
3 0.813043478261 0.340625 0.286956521739 0.20625
3 0.284375 0.3875 0.26875 0.358333333333
3 0.64375 0.53781512605 0.2875 0.386554621849
3 0.47641509434 0.309375 0.330188679245 0.21875
3 0.695 0.495 0.39 0.39
4 0.631355932203 0.765625 0.720338983051 0.53125
4 0.57037037037 0.53125 0.474074074074 0.4
4 0.58125 0.474137931034 0.175 0.241379310345
4 0.615625 0.6125 0.21875 0.291666666667
4 1.50892857143 0.8125 0.607142857143 0.425
4 1.109375 0.446875 0.36875 0.36875
4 1.4375 0.827272727273 0.325 0.472727272727
4 1.58490566038 0.875 1.09433962264 0.725
4 0.810185185185 0.646875 0.675925925926 0.45625
4 0.648760330579 0.778125 0.98347107438 0.74375
4 1.54583333333 1.071875 0.758333333333 0.56875
4 1.25625 0.516666666667 0.325 0.433333333333
4 1.03125 0.981481481481 0.4625 0.685185185185
4 0.9875 0.842975206612 0.5 0.661157024793
4 1.16875 0.770642201835 0.525 0.770642201835
4 0.565789473684 0.678125 0.850877192982 0.60625
4 1.08527131783 1.03125 1.06976744186 0.8625
4 0.690625 0.490654205607 0.19375 0.289719626168
4 0.43 0.525 0.42 0.35
4 0.678125 0.420833333333 0.23125 0.308333333333
4 0.727564102564 0.465625 0.365384615385 0.35625
4 1.5 0.984375 0.424 0.33125
4 0.7 0.294871794872 0.266666666667 0.205128205128
4 1.53278688525 1.43125 1.45901639344 1.1125
4 1.31972789116 1.13125 0.666666666667 0.6125
4 1.42248062016 0.846875 0.348837209302 0.28125
4 1.415625 0.87676056338 0.64375 0.725352112676
4 0.523333333333 0.383333333333 0.193333333333 0.193333333333
4 1.2 0.732484076433 0.4375 0.445859872611
4 0.579136690647 0.553125 0.58273381295 0.50625
4 0.9875 0.640625 0.608333333333 0.45625
4 0.65625 0.707547169811 0.35 0.528301886792
4 0.68085106383 0.7125 0.737588652482 0.65
4 1.25187969925 0.596875 0.428571428571 0.35625
4 0.58 0.561151079137 0.68 0.489208633094
4 0.540625 0.542016806723 0.36875 0.495798319328
4 0.766666666667 0.34375 0.577777777778 0.325
4 1.16666666667 1.046875 1.09009009009 0.75625
4 0.483333333333 0.37 0.326666666667 0.326666666667
4 0.913223140496 1.034375 1.21487603306 0.91875
4 1.109375 0.609649122807 0.29375 0.412280701754
4 1.15357142857 0.740625 0.392857142857 0.34375
4 0.43125 0.59375 0.3375 0.421875
4 1.21923076923 0.871875 0.961538461538 0.78125
4 0.7875 0.639344262295 0.4 0.524590163934
4 0.525 0.34375 0.433333333333 0.325
4 0.734375 1.30092592593 0.88125 1.30555555556
4 0.912213740458 0.309375 0.358778625954 0.29375
4 1.28125 0.704 0.475 0.608
4 0.785087719298 0.434375 0.5 0.35625
4 0.533112582781 0.640625 0.655629139073 0.61875
4 0.882113821138 0.546875 0.447154471545 0.34375
4 0.303571428571 0.30487804878 0.207142857143 0.235772357724
4 0.694444444444 0.33125 0.25 0.225
4 0.640625 0.541666666667 0.36875 0.44696969697
4 0.84375 0.719626168224 0.2125 0.317757009346
4 0.609375 0.291666666667 0.16875 0.25
4 1.253125 0.664634146341 0.21875 0.426829268293
4 0.948529411765 0.68125 0.676470588235 0.575
4 0.903125 1.28636363636 0.50625 0.736363636364
4 0.457547169811 0.646875 0.783018867925 0.51875
4 0.809375 0.466981132075 0.16875 0.254716981132
4 1.80973451327 1.378125 1.46017699115 1.03125
4 0.442857142857 0.595238095238 0.542857142857 0.542857142857
4 0.707317073171 0.35625 0.341463414634 0.2625
4 0.535 0.492481203008 0.49 0.368421052632
4 1.54375 1.15178571429 0.5375 0.767857142857
4 1.05 0.4 0.2375 0.316666666667
4 0.615625 0.412037037037 0.18125 0.268518518519
4 0.784375 0.670833333333 0.38125 0.508333333333
4 1.18831168831 0.7625 0.74025974026 0.7125
4 0.509375 0.541666666667 0.16875 0.204545454545
4 0.459349593496 0.387254901961 0.268292682927 0.323529411765
4 1.3671875 0.58125 0.390625 0.3125
4 0.680327868852 0.575 0.622950819672 0.475
4 0.768867924528 0.909375 1.04716981132 0.69375
4 0.486111111111 0.541666666667 0.527777777778 0.527777777778
4 1.06875 0.441666666667 0.375 0.5
4 0.884375 0.73828125 0.39375 0.4921875
4 0.521875 0.402542372881 0.15625 0.21186440678
4 1.521875 0.948113207547 0.84375 1.27358490566
4 1.696 0.38125 0.496 0.3875
4 0.634615384615 0.421568627451 0.192307692308 0.294117647059
4 1.525 0.754716981132 0.625 0.943396226415
4 1.06542056075 0.775 1.02803738318 0.6875
4 0.556910569106 0.609375 0.821138211382 0.63125
4 0.584375 0.408227848101 0.30625 0.310126582278
4 1.01824817518 0.559375 0.459854014599 0.39375
4 0.75625 0.74375 0.6875 0.6875
4 0.903125 0.627516778523 0.31875 0.342281879195
4 0.924778761062 0.359375 0.345132743363 0.24375
4 1.14414414414 0.71875 0.846846846847 0.5875
4 0.594696969697 0.778125 0.734848484848 0.60625
4 0.859375 0.702830188679 0.19375 0.292452830189
4 0.91875 0.394957983193 0.1625 0.218487394958
4 1.20661157025 0.78125 0.694214876033 0.525
4 0.903125 0.236301369863 0.16875 0.184931506849
4 0.921296296296 0.990625 0.805555555556 0.54375
4 0.759433962264 0.346875 0.38679245283 0.25625
4 1.515625 0.988636363636 0.33125 0.401515151515
4 0.546875 0.405263157895 0.16875 0.284210526316
4 0.86875 0.25 0.15 0.2
4 0.669724770642 0.51875 0.348623853211 0.2375
4 1.22177419355 1.578125 1.60483870968 1.24375
4 0.453125 0.418238993711 0.26875 0.270440251572
4 0.807339449541 0.33125 0.403669724771 0.275
4 0.658914728682 0.30625 0.232558139535 0.1875
4 0.59375 0.375 0.2875 0.383333333333
4 0.937037037037 1.365625 1.42962962963 1.20625
4 0.99375 0.801886792453 0.5125 0.77358490566
4 0.55 0.367857142857 0.34 0.364285714286
4 1.61764705882 0.715625 0.546218487395 0.40625
4 1.55625 0.97520661157 0.5375 0.710743801653
4 1.90277777778 1.034375 0.972222222222 0.65625
4 1.1 0.734375 0.2625 0.328125
4 1.1625 0.518867924528 0.3875 0.584905660377
4 1.26470588235 0.484375 0.458823529412 0.24375
4 1.309375 0.716216216216 0.49375 0.711711711712
4 0.435 0.400763358779 0.33 0.251908396947
4 0.859375 0.479166666667 0.28125 0.375
4 1.11983471074 0.965625 0.272727272727 0.20625
4 0.687969924812 0.684375 0.398496240602 0.33125
4 0.928125 0.769565217391 0.25625 0.35652173913
4 0.859504132231 0.75 0.743801652893 0.5625
4 1.0125 0.388059701493 0.325 0.776119402985
4 1.1037037037 0.29375 0.207407407407 0.175
4 1.12809917355 0.459375 0.520661157025 0.39375
4 0.871875 0.947916666667 0.63125 0.701388888889
4 0.778125 0.803571428571 0.59375 0.678571428571
4 0.683333333333 0.246875 0.206666666667 0.19375
4 0.491304347826 0.454861111111 0.460869565217 0.368055555556
4 0.88125 0.424528301887 0.25 0.377358490566
4 0.614035087719 0.24375 0.263157894737 0.1875
4 0.890625 0.5875 0.46875 0.375
4 1.66875 0.666666666667 0.5125 1.1884057971
4 1.35981308411 0.740625 0.757009345794 0.50625
4 1.090625 0.580769230769 0.38125 0.469230769231
4 0.783653846154 0.728125 0.375 0.24375
4 0.767973856209 0.678125 0.411764705882 0.39375
4 1.0375 0.68125 0.425 0.425
4 1.0375 0.403125 0.241666666667 0.18125
4 1.23125 0.839622641509 0.525 0.792452830189
4 1.06666666667 0.6375 0.633333333333 0.475
4 0.923076923077 0.3 0.25641025641 0.1875
4 0.470833333333 0.309375 0.275 0.20625
4 0.485185185185 0.583333333333 0.525925925926 0.696078431373
4 0.96875 0.651785714286 0.3625 0.517857142857
4 0.66875 0.390410958904 0.225 0.246575342466
4 1.42307692308 1.228125 0.726495726496 0.53125
4 1.40104166667 0.540625 0.53125 0.31875
4 1.37378640777 0.634375 0.708737864078 0.45625
4 0.647887323944 0.4 0.295774647887 0.2625
4 1.465625 0.903361344538 0.29375 0.394957983193
4 0.537593984962 1.265625 0.93984962406 0.78125
4 1.2890625 1.2 0.984375 0.7875
4 1.03184713376 0.39375 0.356687898089 0.35
4 1.51229508197 0.915625 1.10655737705 0.84375
4 1.459375 0.987288135593 0.40625 0.550847457627
4 1.4962406015 0.6375 0.556390977444 0.4625
4 0.971875 0.995283018868 0.83125 1.25471698113
4 1.303125 0.759433962264 0.20625 0.311320754717
4 1.075 0.534351145038 0.2625 0.320610687023
4 1.203125 0.649606299213 0.45625 0.574803149606
4 0.94776119403 0.75625 0.671641791045 0.5625
4 1.33125 1.03773584906 0.85 1.28301886792
4 0.59375 0.425 0.1875 0.25
4 0.512 0.86875 0.544 0.425
4 0.88679245283 0.24375 0.301886792453 0.2
4 1.046875 0.668224299065 0.34375 0.514018691589
4 0.738255033557 0.19 0.214765100671 0.32
4 1.29375 0.65811965812 0.3875 0.529914529915
4 1.140625 0.758426966292 0.25625 0.460674157303
4 0.400900900901 0.430327868852 0.405405405405 0.368852459016
4 1.5125 0.9125 0.4625 0.925
4 1.334375 0.604166666667 0.33125 0.441666666667
5 0.625 0.529411764706 0.2 0.268907563025
5 0.533333333333 0.308823529412 0.28 0.308823529412
5 1.06875 0.684210526316 0.375 0.526315789474
5 0.61875 0.423357664234 0.325 0.379562043796
5 1.44036697248 0.775 0.660550458716 0.45
5 0.477987421384 0.248062015504 0.176100628931 0.217054263566
5 1.4125 0.72268907563 0.275 0.36974789916
5 1.22180451128 1.153125 1.22556390977 1.01875
5 1.18125 1.0 0.8625 1.09523809524
5 0.990625 0.556074766355 0.18125 0.271028037383
5 1.62946428571 1.065625 1.09821428571 0.76875
5 0.5 0.375 0.4625 0.616666666667
5 0.896875 0.301136363636 0.18125 0.329545454545
5 0.881578947368 0.28125 0.5 0.2375
5 0.890151515152 0.890625 1.17424242424 0.96875
5 0.56015037594 0.459375 0.563909774436 0.46875
5 1.384375 0.564655172414 0.40625 0.560344827586
5 0.753521126761 1.06875 0.788732394366 0.7
5 0.942307692308 0.834375 0.838461538462 0.68125
5 0.602272727273 0.678125 0.765151515152 0.63125
5 1.35 1.10625 0.9125 0.9125
5 0.848623853211 0.628125 0.669724770642 0.45625
5 1.121875 0.875 0.26875 0.370689655172
5 0.575 0.5 0.3 0.4
5 1.1125 1.06896551724 0.475 0.655172413793
5 0.6375 0.684210526316 0.5875 0.824561403509
5 1.76033057851 0.45625 0.446280991736 0.3375
5 1.08333333333 0.553125 0.5 0.43125
5 1.184375 0.255208333333 0.23125 0.385416666667
5 0.7 0.584375 0.555555555556 0.46875
5 1.23684210526 0.871875 0.789473684211 0.65625
5 1.05 1.16666666667 0.825 1.57142857143
5 1.06802721088 0.38125 0.272108843537 0.25
5 0.265625 0.683962264151 0.29375 0.443396226415
5 0.4125 0.21875 0.2 0.2
5 0.75625 1.03773584906 0.675 1.01886792453
5 1.11016949153 0.325 0.322033898305 0.2375
5 1.47697368421 0.621875 0.348684210526 0.33125
5 1.13909774436 0.571875 0.503759398496 0.41875
5 0.834375 0.710884353741 0.53125 0.578231292517
5 0.8625 1.23943661972 0.9375 1.05633802817
5 0.478125 0.196875 0.18125 0.18125
5 0.661764705882 0.38125 0.352941176471 0.3
5 1.6 0.528 0.275 0.352
5 1.090625 0.545833333333 0.30625 0.408333333333
5 0.51875 0.556962025316 0.3625 0.367088607595
5 1.55 0.65 0.3125 0.5
5 1.465625 0.503571428571 0.43125 0.492857142857
5 0.529166666667 0.573275862069 0.525 0.543103448276
5 1.00423728814 1.459375 0.805084745763 0.59375
5 0.803125 0.504716981132 0.45625 0.688679245283
5 0.7625 0.475 0.3625 0.483333333333
5 1.32843137255 1.259375 1.46078431373 0.93125
5 1.41393442623 1.890625 0.614754098361 0.46875
5 0.874100719424 0.496875 0.410071942446 0.35625
5 0.68125 0.655462184874 0.6625 0.890756302521
5 1.640625 1.11157024793 0.86875 1.14876033058
5 1.03125 0.854700854701 0.35 0.478632478632
5 0.728476821192 0.59375 0.437086092715 0.4125
5 1.3963963964 0.7125 1.08108108108 0.75
5 1.63223140496 1.346875 1.84297520661 1.39375
5 0.833333333333 0.30625 0.31746031746 0.25
5 0.683333333333 0.546875 0.944444444444 0.53125
5 0.526923076923 0.411538461538 0.346153846154 0.346153846154
5 1.4358974359 1.2875 1.24786324786 0.9125
5 0.868965517241 0.45 0.468965517241 0.425
5 1.153125 0.795833333333 0.56875 0.758333333333
5 0.624060150376 0.70625 0.556390977444 0.4625
5 1.171875 1.0141509434 0.45625 0.688679245283
5 0.634375 0.619658119658 0.48125 0.65811965812
5 1.18125 0.8625 1.0 1.0
5 1.06896551724 0.55625 0.48275862069 0.4375
5 0.771875 0.702830188679 0.50625 0.764150943396
5 1.00769230769 0.475 0.461538461538 0.375
5 0.72695035461 0.434375 0.432624113475 0.38125
5 1.5 0.7125 0.465753424658 0.425
5 1.09905660377 0.621875 0.669811320755 0.44375
5 1.03968253968 0.45 0.444444444444 0.35
5 0.734375 0.746875 0.29375 0.29375
5 0.578512396694 0.5875 1.04132231405 0.7875
5 1.42857142857 0.91875 0.314285714286 0.275
5 0.88125 0.910714285714 0.3875 0.553571428571
5 1.36875 0.741666666667 0.45 0.6
5 1.22072072072 1.203125 0.315315315315 0.21875
5 1.30573248408 0.71875 1.1847133758 1.1625
5 1.246875 0.872641509434 0.44375 0.669811320755
5 1.56875 1.07476635514 0.6875 1.02803738318
5 0.46992481203 0.496875 0.428571428571 0.35625
5 0.629032258065 0.5125 0.629032258065 0.4875
5 0.884375 0.470833333333 0.33125 0.441666666667
5 0.621875 0.578125 0.46875 0.46875
5 0.561403508772 0.31875 0.315789473684 0.225
5 1.375 0.957264957265 0.65 0.888888888889
5 1.72815533981 1.8375 1.04854368932 0.675
5 0.975 0.496875 0.77 0.48125
5 1.06875 1.15 0.675 0.9
5 1.21666666667 1.128125 0.966666666667 0.90625
5 1.1125 0.694736842105 0.425 0.715789473684
5 0.868644067797 0.528125 0.618644067797 0.45625
5 0.530769230769 0.4 0.246153846154 0.32
5 1.0251572327 0.44375 0.452830188679 0.45
5 0.5875 0.45 0.2375 0.38
5 1.34375 0.714285714286 0.4625 0.660714285714
5 0.671171171171 0.253125 0.297297297297 0.20625
5 0.587121212121 0.397058823529 0.280303030303 0.362745098039
5 1.08125 0.9 0.7125 0.7125
5 0.51875 0.361344537815 0.175 0.235294117647
5 1.49375 0.563492063492 0.425 0.539682539683
5 1.25 0.361344537815 0.2625 0.352941176471
5 1.01293103448 0.671875 0.646551724138 0.46875
5 0.7375 0.632075471698 0.3625 0.547169811321
5 0.38125 0.3 0.1875 0.1875
5 0.926470588235 1.3125 1.11764705882 0.95
5 0.621875 0.718487394958 0.43125 0.579831932773
5 0.728125 0.42523364486 0.19375 0.289719626168
5 1.040625 1.140625 0.46875 0.78125
5 1.15546218487 1.134375 1.31932773109 0.98125
5 0.44375 0.962962962963 0.425 0.62962962963
5 1.41071428571 0.8375 1.05357142857 0.7375
5 1.51875 0.56 0.3625 0.464
5 0.615625 0.478571428571 0.18125 0.414285714286
5 1.18125 0.458333333333 0.3125 0.520833333333
5 0.592233009709 0.55625 0.621359223301 0.4
5 0.378125 0.524038461538 0.29375 0.451923076923
5 1.70089285714 0.803125 0.883928571429 0.61875
5 0.775 0.528846153846 0.2375 0.365384615385
5 1.0 0.3625 0.342857142857 0.225
5 1.34482758621 0.85625 0.931034482759 0.675
5 0.84375 0.674418604651 0.45 0.558139534884
5 1.04135338346 1.015625 0.90977443609 0.75625
5 1.125 0.418181818182 0.2625 0.381818181818
5 0.578125 0.359589041096 0.19375 0.212328767123
5 0.748175182482 0.290625 0.284671532847 0.24375
5 0.435 0.422727272727 0.33 0.3
5 1.403125 0.919811320755 0.29375 0.443396226415
5 0.916666666667 0.528125 0.735294117647 0.46875
5 0.559829059829 0.403125 0.299145299145 0.21875
5 0.55 0.29 0.28 0.28
5 1.64661654135 0.56875 0.646616541353 0.5375
5 1.359375 1.04220779221 0.99375 1.03246753247
5 0.459375 0.77380952381 0.53125 0.674603174603
5 1.009375 0.377419354839 0.35625 0.367741935484
5 0.721875 0.262376237624 0.16875 0.267326732673
5 0.813492063492 0.553125 0.785714285714 0.61875
5 0.79375 0.403100775194 0.325 0.403100775194
5 0.86974789916 0.396875 0.478991596639 0.35625
5 1.425 0.424 0.2875 0.368
5 0.569565217391 0.647826086957 0.530434782609 0.530434782609
5 0.59375 0.461538461538 0.3125 0.42735042735
5 0.596666666667 0.47 0.18 0.18
5 1.071875 0.852678571429 0.38125 0.544642857143
5 0.953271028037 0.2625 0.392523364486 0.2625
5 0.768707482993 0.33125 0.340136054422 0.3125
5 1.54375 0.44 0.275 0.352
5 1.090625 0.73595505618 0.26875 0.483146067416
5 1.20967741935 0.79375 0.91935483871 0.7125
5 0.49 0.439130434783 0.3 0.391304347826
5 0.666666666667 0.30625 0.363636363636 0.3
5 0.534375 0.710084033613 0.60625 0.81512605042
5 1.20625 0.681415929204 0.3625 0.513274336283
5 0.290625 0.540625 0.18125 0.18125
5 0.625 0.546875 0.664285714286 0.58125
5 0.8125 0.575471698113 0.375 0.566037735849
5 0.451127819549 0.5 0.556390977444 0.4625
5 1.075 0.6625 0.5 0.5
5 0.878378378378 0.6 0.391891891892 0.3625
5 0.56875 0.302158273381 0.275 0.31654676259
5 0.465625 0.404166666667 0.31875 0.425
5 0.897196261682 0.8375 1.10280373832 0.7375
5 0.578125 0.590625 0.53125 0.53125
5 1.34108527132 0.5 1.13178294574 0.9125
5 0.533018867925 0.390625 0.367924528302 0.24375
5 1.0875 0.971153846154 0.6125 0.942307692308
5 0.80625 1.078125 0.275 0.34375
5 0.6125 0.53781512605 0.7 0.941176470588
5 0.40625 0.285714285714 0.225 0.302521008403
5 0.828125 0.430434782609 0.19375 0.269565217391
5 0.340625 0.417431192661 0.18125 0.266055045872
5 0.654761904762 0.283783783784 0.230158730159 0.261261261261
5 1.65 0.364583333333 0.4 0.666666666667
5 0.566666666667 0.522727272727 0.466666666667 0.424242424242
5 0.828125 0.709016393443 0.40625 0.532786885246
5 1.28037383178 1.9125 0.971962616822 0.65
5 1.309375 1.08984375 0.33125 0.4140625
5 1.559375 0.67578125 0.44375 0.5546875
5 1.03125 0.771929824561 0.525 0.736842105263
5 0.78125 0.496875 0.491071428571 0.34375
5 0.547794117647 0.690625 0.625 0.53125
5 0.71875 1.21818181818 0.45 0.654545454545
5 0.928 0.69375 0.864 0.675
5 0.854545454545 0.58125 0.563636363636 0.3875
5 0.7875 1.10377358491 0.725 1.09433962264
5 0.821875 0.509345794393 0.31875 0.476635514019
5 0.5 0.506451612903 0.591240875912 0.522580645161
5 1.603125 0.824324324324 0.55625 0.801801801802
5 0.803125 0.533613445378 0.79375 1.06722689076
5 1.1625 0.75 0.45 0.5625
5 0.65 0.49 0.4 0.4
5 1.40350877193 1.16875 1.24561403509 0.8875
5 1.4 0.330769230769 0.275 0.338461538462
5 0.971875 0.896875 0.41875 0.41875
5 1.10625 0.5 0.2125 0.309090909091
5 0.575 0.522522522523 0.2625 0.378378378378
5 1.046875 0.46568627451 0.19375 0.303921568627
5 0.96875 0.867924528302 0.5 0.754716981132
5 1.10625 0.657657657658 0.2875 0.414414414414
5 0.78125 0.858490566038 0.4875 0.735849056604
5 1.25625 0.554621848739 0.2125 0.285714285714
5 0.978125 0.376582278481 0.21875 0.221518987342
5 0.662698412698 0.478125 0.547619047619 0.43125
5 0.922764227642 0.515625 0.626016260163 0.48125
5 0.9625 0.794871794872 0.5 0.683760683761
5 1.340625 1.03913043478 1.05625 1.46956521739
5 0.734375 0.409375 0.19375 0.19375
5 0.7125 1.11111111111 0.675 1.0
5 1.06488549618 0.690625 0.664122137405 0.54375
5 1.13214285714 1.078125 1.27857142857 1.11875
5 1.91904761905 0.471875 1.09523809524 0.71875
5 0.721875 0.5125 0.30625 0.408333333333
5 0.328125 0.659663865546 0.30625 0.411764705882
5 1.434375 0.745535714286 0.46875 0.669642857143
5 1.15625 0.731034482759 0.525 0.579310344828
5 0.861344537815 0.490625 0.579831932773 0.43125
5 0.547413793103 0.990625 0.853448275862 0.61875
5 0.409375 0.588028169014 0.44375 0.5
5 1.0375 0.928571428571 0.775 0.805194805195
5 0.983333333333 1.0625 0.916666666667 0.6875
5 0.690625 0.25 0.21875 0.221518987342
5 1.396875 0.621495327103 0.33125 0.495327102804
5 0.7625 0.575 0.425 0.566666666667
5 0.89375 0.355371900826 0.2375 0.314049586777
5 0.778125 0.967592592593 0.21875 0.324074074074
5 1.046875 0.604166666667 0.40625 0.541666666667
5 0.828125 0.740740740741 0.21875 0.207407407407
5 0.65 0.398230088496 0.2375 0.336283185841
5 1.04961832061 0.746875 0.709923664122 0.58125
5 1.084375 0.816037735849 0.41875 0.632075471698
5 1.06557377049 0.725 0.770491803279 0.5875
5 1.43377483444 1.171875 1.02649006623 0.96875
5 0.878125 0.86036036036 0.40625 0.585585585586
5 0.759375 0.655660377358 0.24375 0.367924528302
5 0.603703703704 0.374074074074 0.244444444444 0.244444444444
5 1.3875 1.24812030075 0.3 0.360902255639
5 0.897540983607 0.696875 0.434426229508 0.33125
5 0.37969924812 0.459375 0.533834586466 0.44375
5 2.18 1.359375 0.36 0.28125
5 1.034375 0.905555555556 0.66875 1.18888888889
5 1.11 0.665625 0.526666666667 0.49375
5 1.55 0.448 0.2875 0.368
5 1.059375 1.3018018018 0.78125 1.12612612613
5 0.896551724138 0.375 0.465517241379 0.3375
5 0.49375 0.458646616541 0.3625 0.436090225564
5 0.655172413793 0.275 0.362068965517 0.2625
5 0.613636363636 0.63125 0.742424242424 0.6125
5 1.3875 0.589147286822 0.5 0.62015503876
5 1.025 0.495798319328 0.375 0.504201680672
5 1.36842105263 1.275 1.71929824561 1.225
5 0.6 0.433962264151 0.2 0.301886792453
5 0.70625 0.543859649123 0.25 0.350877192982
5 0.525 0.58 0.45 0.6
5 0.56875 0.29375 0.2375 0.2375
5 0.55625 0.76724137931 0.3625 0.5
5 1.34033613445 0.590625 0.546218487395 0.40625
5 1.184375 0.932 0.21875 0.28
5 1.3125 0.527131782946 0.375 0.46511627907
5 0.740625 0.548245614035 0.33125 0.464912280702
5 0.976 0.4 0.416 0.325
5 1.60126582278 1.828125 0.392405063291 0.19375
5 0.86328125 0.471875 0.2578125 0.20625
5 0.425 0.635135135135 0.3 0.648648648649
5 1.0 0.653846153846 0.2625 0.403846153846
5 1.190625 0.703883495146 0.24375 0.378640776699
5 0.465517241379 0.543333333333 0.406896551724 0.393333333333
5 0.44 0.452173913043 0.306666666667 0.4
5 0.496296296296 0.288590604027 0.237037037037 0.214765100671
5 1.065625 0.735576923077 0.48125 0.740384615385
5 1.209375 1.23949579832 0.41875 0.563025210084
5 1.16216216216 0.625 0.608108108108 0.5625
5 1.59166666667 0.75 0.616666666667 0.4625
5 1.025 1.0 0.5 0.754716981132
5 0.623333333333 0.32905982906 0.18 0.230769230769
5 0.9125 0.509090909091 0.2625 0.381818181818
5 1.384375 0.429078014184 0.24375 0.276595744681
5 0.7375 0.384615384615 0.225 0.307692307692
5 1.14375 0.584158415842 0.35 0.554455445545
5 0.978125 1.20283018868 0.93125 1.40566037736
5 1.26377952756 0.515625 0.527559055118 0.41875
5 0.64375 0.3828125 0.225 0.28125
6 1.071875 0.683962264151 0.31875 0.481132075472
6 1.040625 1.18534482759 0.68125 0.939655172414
6 1.52032520325 0.8625 0.894308943089 0.6875
6 1.07692307692 0.8625 0.646153846154 0.525
6 2.15887850467 2.14375 0.485981308411 0.325
6 1.45714285714 0.91875 1.02857142857 0.675
6 1.13274336283 0.40625 0.265486725664 0.1875
6 1.57407407407 1.375 1.44444444444 0.975
6 1.79674796748 0.8 1.65853658537 1.275
6 1.19090909091 0.6625 0.690909090909 0.475
6 1.07075471698 1.034375 1.16037735849 0.76875
6 1.73762376238 0.865625 1.27722772277 0.80625
6 2.35119047619 0.778125 0.916666666667 0.48125
6 1.409375 1.07142857143 0.93125 1.25210084034
6 0.99375 0.666666666667 0.875 1.16666666667
6 1.05859375 1.053125 0.7421875 0.59375
6 1.875 1.090625 1.78448275862 1.29375
6 0.666666666667 0.533333333333 0.4 0.4
6 1.35897435897 1.6125 2.03418803419 1.4875
6 0.919047619048 0.634375 0.752380952381 0.49375
6 1.22222222222 0.99375 0.991452991453 0.725
6 0.6125 0.6 0.375 0.5
6 0.921875 0.796875 0.63125 0.63125
6 0.85 0.94701986755 0.55 0.582781456954
6 0.537593984962 0.490625 0.443609022556 0.36875
6 0.773109243697 0.275 0.302521008403 0.225
6 1.2125 0.25 0.375 0.1875
6 1.44375 0.8359375 1.0125 1.265625
6 0.8875 0.96875 0.7125 0.7125
6 1.86875 1.12037037037 0.3 0.444444444444
6 0.64 0.46 0.2 0.3
6 1.06722689076 1.4375 1.32773109244 0.9875
6 2.07547169811 1.3125 1.20754716981 0.8
6 1.37698412698 0.946875 0.865079365079 0.68125
6 1.33628318584 0.6625 0.601769911504 0.425
6 0.696875 1.33984375 1.05625 1.3203125
6 0.803125 0.448113207547 0.20625 0.311320754717
6 0.771875 0.910377358491 0.33125 0.5
6 1.44140625 1.309375 1.1484375 0.91875
6 0.990625 1.09663865546 0.88125 1.18487394958
6 0.49 0.45 0.42 0.42
6 1.171875 1.11344537815 0.60625 0.81512605042
6 1.58510638298 0.76875 0.872340425532 0.5125
6 1.00900900901 1.10625 1.20720720721 0.8375
6 0.773333333333 0.476635514019 0.2 0.280373831776
6 1.06875 1.06837606838 0.5625 0.769230769231
6 1.85046728972 1.15 1.30841121495 0.875
6 1.09375 1.18487394958 1.2875 1.73109243697
6 1.1875 0.49375 0.625 0.625
6 1.62719298246 0.684375 0.587719298246 0.41875
6 0.75 0.364341085271 0.2625 0.325581395349
6 1.87804878049 1.59375 1.60975609756 1.2375
6 1.121875 1.15460526316 0.71875 0.756578947368
6 0.848360655738 0.415625 0.467213114754 0.35625
6 2.0931372549 1.540625 1.38235294118 0.88125
6 1.078125 1.00362318841 0.80625 0.934782608696
6 1.51181102362 0.6375 0.535433070866 0.425
6 0.512 0.36 0.336 0.336
6 0.395238095238 0.543333333333 0.371428571429 0.26
6 0.703125 0.642361111111 0.61875 0.6875
6 0.625 0.399253731343 0.61 0.455223880597
6 1.42213114754 0.459375 0.516393442623 0.39375
6 1.76086956522 0.4375 0.652173913043 0.375
6 1.08490566038 0.996875 0.59748427673 0.59375
6 0.66875 0.811320754717 0.475 0.716981132075
6 1.21875 0.866666666667 0.5 0.761904761905
6 1.29716981132 0.984375 1.10377358491 0.73125
6 1.57391304348 1.03125 0.852173913043 0.6125
6 0.6125 0.75625 0.6375 0.6375
6 1.69658119658 0.984375 1.01709401709 0.74375
6 1.60550458716 0.84375 0.899082568807 0.6125
6 0.358333333333 0.225 0.3 0.225
6 1.98314606742 0.653125 0.820224719101 0.45625
6 0.553571428571 0.414285714286 0.45 0.6
6 1.053125 1.02903225806 1.81875 1.87741935484
6 1.09009009009 0.68125 0.774774774775 0.5375
6 1.35 0.983193277311 0.6625 0.890756302521
6 1.42083333333 1.084375 1.45833333333 1.09375
6 1.59126984127 1.015625 0.912698412698 0.71875
6 1.23643410853 1.734375 1.58914728682 1.28125
6 1.375 1.3375 1.64285714286 1.15
6 0.714285714286 0.58125 0.638655462185 0.475
6 0.578571428571 0.507142857143 0.485714285714 0.485714285714
6 0.99375 0.605042016807 0.375 0.504201680672
6 1.32824427481 0.93125 0.854961832061 0.7
6 1.50854700855 0.921875 1.10256410256 0.80625
6 1.75 0.871875 0.928571428571 0.73125
6 1.21666666667 0.6875 1.1 0.825
6 1.65677966102 0.665625 0.601694915254 0.44375
6 0.744 0.8125 0.72 0.5625
6 0.864035087719 0.934375 0.921052631579 0.65625
6 1.51315789474 1.246875 1.18421052632 0.84375
6 0.74375 0.663865546218 0.4 0.53781512605
6 1.23228346457 1.009375 0.763779527559 0.60625
6 1.85652173913 0.946875 1.24347826087 0.89375
6 0.459090909091 0.513636363636 0.518181818182 0.518181818182
6 2.05357142857 1.396875 1.70238095238 0.89375
6 1.17834394904 0.59375 0.394904458599 0.3875
6 0.486666666667 0.413333333333 0.24 0.24
6 1.18125 0.877358490566 0.4875 0.735849056604
6 0.48 0.4 0.48 0.369230769231
6 0.921875 1.07083333333 0.79375 1.05833333333
6 0.45625 0.541666666667 0.45 0.6
6 1.40206185567 1.29375 1.54639175258 0.9375
6 1.47169811321 1.55 1.54716981132 1.025
6 1.51639344262 0.9625 0.901639344262 0.6875
6 1.18 1.321875 0.68 0.53125
6 0.845 0.284375 0.31 0.19375
6 0.58125 0.350649350649 0.3625 0.376623376623
6 1.353125 0.830578512397 0.31875 0.421487603306
6 2.12376237624 0.734375 0.722772277228 0.45625
6 0.777777777778 0.825 0.837606837607 0.6125
6 1.23305084746 0.728125 0.805084745763 0.59375
6 1.71559633028 0.875 0.97247706422 0.6625
6 0.4 0.426666666667 0.346666666667 0.346666666667
6 0.486363636364 0.380434782609 0.263636363636 0.210144927536
6 1.09701492537 0.68125 0.626865671642 0.525
6 1.0 0.6 0.523489932886 0.4875
6 0.64453125 0.553125 0.5078125 0.40625
6 1.34453781513 1.5625 1.63025210084 1.2125
6 1.12735849057 1.178125 0.858490566038 0.56875
6 0.39 0.539007092199 0.38 0.269503546099
6 0.563063063063 0.340625 0.369369369369 0.25625
6 0.759689922481 0.7875 0.713178294574 0.575
6 1.06976744186 0.80625 0.713178294574 0.575
6 1.140625 0.911764705882 0.98125 1.31932773109
6 1.159375 1.06435643564 0.58125 0.920792079208
6 2.0404040404 0.475 0.545454545455 0.3375
6 0.50625 0.655462184874 0.325 0.436974789916
6 0.666666666667 0.48125 0.64367816092 0.35
6 0.928125 0.57619047619 0.20625 0.314285714286
6 1.39375 0.747899159664 0.525 0.705882352941
6 0.45625 0.797101449275 0.3875 0.449275362319
6 1.08536585366 0.684375 0.691056910569 0.53125
6 0.934959349593 0.5625 0.617886178862 0.475
6 0.715 0.321875 0.39 0.24375
6 0.475806451613 0.15 0.209677419355 0.1625
6 1.45 0.798319327731 0.5875 0.789915966387
6 0.88125 0.65 0.55 0.55
6 1.246875 0.93119266055 0.50625 0.743119266055
6 0.868932038835 0.321875 0.417475728155 0.26875
6 0.5703125 0.35625 0.265625 0.2125
6 1.4125 1.065625 1.00833333333 0.75625
6 1.10775862069 0.790625 0.784482758621 0.56875
6 0.940789473684 0.875 0.618421052632 0.5875
6 1.54700854701 1.85 2.49572649573 1.825
6 0.570754716981 0.284375 0.27358490566 0.18125
6 1.8287037037 0.740625 1.0462962963 0.70625
6 0.785123966942 0.46875 0.545454545455 0.4125
6 0.42 0.24 0.333333333333 0.333333333333
6 0.46 0.20625 0.26 0.1625
6 1.4921875 1.2875 1.109375 0.8875
6 0.518181818182 0.3375 0.309090909091 0.2125
6 0.516949152542 0.1875 0.203389830508 0.15
6 0.56 0.646666666667 0.346666666667 0.346666666667
6 1.83490566038 1.246875 1.19811320755 0.79375
6 1.98888888889 0.81875 1.13333333333 0.6375
6 0.526041666667 0.332142857143 0.34375 0.235714285714
6 1.5737704918 0.9875 2.39344262295 1.825
6 1.82242990654 0.98125 0.990654205607 0.6625
6 1.65 0.73125 0.86 0.5375
6 0.890625 1.22180451128 0.16875 0.203007518797
6 1.176 1.01875 1.104 0.8625
6 1.00625 0.519230769231 0.3125 0.320512820513
6 1.59615384615 0.7625 0.615384615385 0.4
6 1.26666666667 0.71875 0.533333333333 0.4
6 0.996875 0.788793103448 0.49375 0.681034482759
6 0.9625 0.573170731707 0.4625 0.90243902439
6 1.23360655738 0.928125 0.745901639344 0.56875
6 1.44545454545 0.8375 0.527272727273 0.3625
6 1.03125 0.555555555556 0.3625 0.460317460317
6 1.23008849558 1.29375 0.902654867257 0.6375
6 0.727642276423 0.378125 0.349593495935 0.26875
6 2.32 0.70625 0.98 0.6125
6 1.15625 0.705882352941 0.8125 1.09243697479
6 1.053125 0.903125 0.54375 0.54375
6 1.18217054264 1.490625 1.80620155039 1.45625
6 0.57874015748 0.190625 0.196850393701 0.15625
6 0.630434782609 0.384375 0.391304347826 0.28125
6 1.42452830189 0.95 0.924528301887 0.6125
6 2.27570093458 0.940625 1.14953271028 0.76875
6 1.56310679612 0.66875 0.601941747573 0.3875
6 0.578512396694 0.51875 0.446280991736 0.3375
6 0.55625 0.663636363636 0.425 0.618181818182
6 1.33663366337 0.575 0.475247524752 0.3
6 0.626168224299 0.4125 0.504672897196 0.3375
6 0.817073170732 0.578125 0.626016260163 0.48125
6 0.631355932203 0.259375 0.245762711864 0.18125
6 1.78861788618 0.775 1.75609756098 1.35
6 0.484210526316 0.325 0.294736842105 0.175
6 1.49375 0.957983193277 0.6875 0.924369747899
6 1.29807692308 1.35 1.26923076923 0.825
6 1.65769230769 0.846875 0.669230769231 0.54375
6 0.653125 0.467857142857 0.18125 0.207142857143
6 1.59375 0.949579831933 0.475 0.638655462185
6 0.517543859649 0.4 0.421052631579 0.3
6 1.5 0.837209302326 0.3 0.372093023256
6 1.503125 0.609243697479 0.45625 0.613445378151
6 1.2125 0.242038216561 0.175 0.178343949045
6 1.41452991453 0.859375 0.794871794872 0.58125
6 0.513333333333 0.29 0.186666666667 0.28
6 0.909375 0.797169811321 0.50625 0.764150943396
6 0.7 0.443396226415 0.1625 0.245283018868
6 0.790625 0.890625 0.70625 0.70625
6 0.740625 0.63679245283 0.28125 0.424528301887
6 0.478125 0.279166666667 0.16875 0.225
6 1.753125 0.894957983193 0.63125 0.848739495798
6 0.529166666667 0.215625 0.208333333333 0.15625
6 0.47 0.51 0.46 0.46
6 1.44375 0.782945736434 0.3 0.372093023256
6 1.14375 0.833333333333 0.2625 0.35
6 1.14622641509 0.809375 0.801886792453 0.53125
6 0.462264150943 0.3625 0.377358490566 0.25
6 0.625954198473 0.4875 0.412213740458 0.3375
6 1.16538461538 0.734375 1.00769230769 0.81875
6 0.507874015748 0.371875 0.322834645669 0.25625
6 1.70703125 0.840625 0.8359375 0.66875
6 1.203125 0.897321428571 0.44375 0.633928571429
6 1.84033613445 0.9375 0.941176470588 0.7
6 0.487288135593 0.346875 0.415254237288 0.30625
6 0.379166666667 0.629166666667 0.525 0.525
6 1.18125 1.14285714286 1.1375 1.52941176471
6 1.66981132075 1.5625 1.39622641509 0.925
6 0.684375 0.2625 0.18125 0.241666666667
6 1.75619834711 0.765625 0.933884297521 0.70625
6 1.72566371681 1.1375 1.02654867257 0.725
6 0.519379844961 0.40625 0.279069767442 0.225
6 0.46875 0.225 0.175 0.233333333333
6 0.4125 0.848739495798 0.5 0.672268907563
6 1.346875 1.15725806452 0.98125 1.26612903226
6 1.34375 1.07619047619 0.525 0.8
6 1.684375 0.525210084034 0.44375 0.596638655462
6 1.184375 0.903361344538 0.49375 0.663865546218
6 1.04761904762 0.46875 0.333333333333 0.2625
6 1.66363636364 1.2 1.07272727273 0.7375
6 0.713636363636 0.565625 0.5 0.34375
6 0.491304347826 0.604166666667 0.513043478261 0.491666666667
6 0.5375 0.744 0.55 0.704
6 0.940625 0.474789915966 0.33125 0.445378151261
6 1.03435114504 1.021875 0.75572519084 0.61875
6 1.171875 1.04375 0.71875 0.575
6 0.580508474576 0.340625 0.347457627119 0.25625
6 0.86301369863 0.86875 0.821917808219 0.75
6 1.66666666667 1.3625 1.54471544715 1.1875
6 1.10625 0.403361344538 0.35 0.470588235294
6 1.378125 0.848039215686 0.35625 0.558823529412
6 1.68468468468 0.5375 0.540540540541 0.375
6 1.25531914894 1.03125 0.695035460993 0.6125
6 1.55752212389 0.70625 0.743362831858 0.525
6 1.38679245283 0.50625 0.566037735849 0.375
6 1.196875 1.24789915966 0.93125 1.25210084034
6 0.809375 1.04455445545 0.28125 0.445544554455
6 1.715625 0.525210084034 0.74375 1.0
6 1.48684210526 0.653125 0.657894736842 0.46875
6 1.4858490566 0.928125 1.10377358491 0.73125
6 0.70625 1.06622516556 0.85 0.900662251656
6 1.52232142857 1.246875 1.08035714286 0.75625
6 1.1015625 1.11875 0.796875 0.6375
6 0.6875 0.958333333333 0.65 0.866666666667
6 1.16666666667 0.725 0.416666666667 0.3125
6 0.440594059406 0.34 0.306930693069 0.248
6 1.5125 1.31932773109 0.85 1.14285714286
6 1.68951612903 0.578125 0.798387096774 0.61875
6 1.60087719298 0.790625 0.675438596491 0.48125
6 0.946875 0.760504201681 0.66875 0.899159663866
6 1.90099009901 0.375 0.376237623762 0.2375
6 0.7 0.659722222222 0.5875 0.652777777778
6 0.433035714286 0.553125 0.741071428571 0.51875
6 0.375 0.175 0.25 0.1875
6 1.29296875 0.878125 0.6484375 0.51875
6 1.14583333333 1.396875 1.15833333333 0.86875
6 2.03153153153 0.746875 0.711711711712 0.49375
6 0.640186915888 0.259375 0.289719626168 0.19375
6 1.065625 0.718487394958 0.38125 0.512605042017
6 1.1625 0.979452054795 0.6625 0.72602739726
6 1.40094339623 1.115625 1.00943396226 0.66875
6 1.38983050847 0.96875 0.745762711864 0.55
6 0.561224489796 0.3375 0.489795918367 0.3
6 0.859375 0.879807692308 0.95625 1.47115384615
6 1.3320610687 0.421875 0.435114503817 0.35625
6 0.82421875 0.746875 0.8359375 0.66875
6 0.727848101266 0.38125 0.253164556962 0.25
6 1.04375 0.735849056604 0.35 0.528301886792
6 1.356 0.959375 1.128 0.88125
6 0.934782608696 0.4625 0.449275362319 0.3875
6 0.759375 0.2625 0.18125 0.241666666667
6 1.1125 0.934375 0.558333333333 0.41875
6 1.03125 0.970802919708 0.725 0.846715328467
6 1.73008849558 0.671875 0.628318584071 0.44375
6 1.51315789474 0.596875 0.570175438596 0.40625
6 1.06875 1.0495049505 0.7 1.10891089109
6 0.456730769231 0.328125 0.259615384615 0.16875
6 1.91818181818 0.925 1.05454545455 0.725
6 0.909375 0.435810810811 0.21875 0.236486486486
6 1.00833333333 0.5125 0.566666666667 0.425
6 1.43089430894 1.69375 0.50406504065 0.3875
6 1.68125 0.358333333333 0.2625 0.35
6 0.5125 0.308333333333 0.175 0.233333333333
6 1.6375 0.983193277311 0.9375 1.26050420168
6 1.21666666667 1.5375 1.36666666667 1.025
6 2.23245614035 0.771875 0.868421052632 0.61875
6 1.30188679245 0.96875 0.603773584906 0.4
6 0.364864864865 0.2625 0.202702702703 0.1875
6 0.915625 0.461240310078 0.24375 0.302325581395
6 0.6875 0.790625 1.20833333333 0.90625
6 1.77927927928 0.528125 0.657657657658 0.45625
6 1.448 1.25625 1.184 0.925
6 0.797709923664 0.828125 0.526717557252 0.43125
6 1.4625 0.495798319328 0.5 0.672268907563
6 1.053125 0.987394957983 0.89375 1.20168067227
6 1.37307692308 0.809375 0.592307692308 0.48125
6 1.50900900901 1.328125 1.45045045045 1.00625
6 0.54 0.395 0.232 0.29
6 1.38306451613 0.903125 1.00806451613 0.78125
6 0.617886178862 0.475 0.943089430894 0.725
6 1.053125 1.06132075472 0.35625 0.537735849057
6 2.10824742268 0.684375 0.835051546392 0.50625
6 1.05737704918 0.55 0.622950819672 0.475
6 0.965625 1.14864864865 0.66875 0.963963963964
6 0.825 1.0495049505 0.3 0.475247524752
6 0.395 0.255 0.29 0.29
6 1.746875 1.00495049505 0.53125 0.841584158416
6 1.13125 0.864583333333 0.8375 1.39583333333
6 0.784375 0.654166666667 0.55625 0.741666666667
6 1.37596899225 0.584375 0.503875968992 0.40625
6 0.425 0.549180327869 0.3125 0.409836065574
6 1.81531531532 1.021875 1.30630630631 0.90625
6 1.12171052632 0.884375 0.914473684211 0.86875
6 2.05737704918 0.94375 0.786885245902 0.6
6 0.545871559633 0.553125 0.449541284404 0.30625
6 1.309375 0.693277310924 0.31875 0.428571428571
6 1.27559055118 0.5875 0.535433070866 0.425
6 2.23762376238 0.49375 0.653465346535 0.4125
6 1.52830188679 0.975 0.584905660377 0.3875
6 0.703125 0.409375 0.35625 0.35625
6 1.31188118812 1.040625 1.0396039604 0.65625
6 1.19375 0.791044776119 0.625 1.49253731343
6 1.10625 0.604166666667 0.425 0.472222222222
6 1.59433962264 0.5625 1.01886792453 0.675
6 2.14130434783 0.8125 0.847826086957 0.4875
6 0.611650485437 0.27 0.271844660194 0.28
6 1.084375 0.427152317881 0.28125 0.298013245033
6 1.3203125 0.9 0.65625 0.525
6 0.609375 0.474789915966 0.48125 0.647058823529
6 0.5 0.3 0.396551724138 0.2875
6 2.79166666667 0.39375 0.958333333333 0.575
6 1.54867256637 0.86875 0.778761061947 0.55
6 0.796875 0.3875 0.18125 0.241666666667
6 1.56930693069 0.721875 0.623762376238 0.39375
6 1.640625 0.965625 0.73125 0.73125
6 1.6712962963 0.503125 0.601851851852 0.40625
6 0.485148514851 0.344 0.336633663366 0.272
6 2.0141509434 1.678125 1.33018867925 0.88125
6 1.41472868217 1.259375 1.0 0.80625
6 1.2131147541 0.85 0.819672131148 0.625
6 2.18055555556 0.940625 0.601851851852 0.40625
6 1.4406779661 1.00625 1.10169491525 0.8125
6 1.69811320755 0.85 1.33962264151 0.8875
6 1.99484536082 0.584375 0.443298969072 0.26875
6 0.95625 1.10256410256 0.575 0.786324786325
6 1.7427184466 0.721875 0.553398058252 0.35625
6 1.296875 1.18067226891 1.18125 1.58823529412
6 0.63475177305 0.903125 0.659574468085 0.58125
6 0.648148148148 0.366666666667 0.462962962963 0.333333333333
6 0.540540540541 0.56875 0.594594594595 0.4125
6 0.436 0.396 0.232 0.232
6 1.77570093458 1.5625 1.4953271028 1.0
6 0.4875 0.4125 0.3 0.3
6 1.88541666667 0.6875 0.666666666667 0.4
6 1.21705426357 0.68125 0.682170542636 0.55
6 1.74603174603 0.95625 0.968253968254 0.7625
6 2.30357142857 0.603125 0.988095238095 0.51875
6 1.56018518519 1.140625 0.990740740741 0.66875
6 1.153125 1.03719008264 1.56875 2.07438016529
6 1.128125 0.861904761905 0.16875 0.257142857143
6 1.31092436975 0.8375 0.739495798319 0.55
6 0.582568807339 0.684375 0.889908256881 0.60625
6 0.853125 0.819327731092 0.38125 0.512605042017
6 0.454166666667 0.3625 0.275 0.275
6 1.684375 0.774038461538 0.48125 0.740384615385
6 0.8625 0.452830188679 0.1875 0.283018867925
6 1.4140625 0.80625 0.765625 0.6125
6 0.496666666667 0.39 0.233333333333 0.233333333333
6 0.375 0.328125 0.278571428571 0.24375
6 0.556451612903 0.36875 0.387096774194 0.3
6 1.27876106195 1.390625 1.46017699115 1.03125
6 0.533088235294 0.203125 0.198529411765 0.16875
6 1.44607843137 0.790625 1.12745098039 0.71875
6 2.16513761468 0.9 1.04587155963 0.7125
6 2.22169811321 0.659375 0.518867924528 0.34375
6 1.11224489796 0.684375 0.605442176871 0.55625
6 1.746875 0.651260504202 0.36875 0.495798319328
6 1.56637168142 1.25 1.59292035398 1.125
7 0.607438016529 0.621875 0.685950413223 0.51875
7 0.525 0.333333333333 0.2 0.266666666667
7 1.365625 0.729166666667 0.39375 0.525
7 0.990625 1.03956834532 1.13125 1.30215827338
7 0.828125 0.546875 0.45625 0.45625
7 1.5046728972 1.99375 0.616822429907 0.4125
7 0.716981132075 0.256198347107 0.188679245283 0.247933884298
7 0.723684210526 0.496875 0.289473684211 0.20625
7 1.08125 0.48125 0.5 0.5
7 1.040625 1.07142857143 1.26875 1.70588235294
7 0.842857142857 0.271875 0.314285714286 0.20625
7 1.15865384615 0.378125 0.471153846154 0.30625
7 0.666666666667 0.4 0.383333333333 0.2875
7 1.82905982906 0.73125 0.615384615385 0.45
7 1.415625 0.776041666667 0.53125 0.885416666667
7 1.55154639175 0.471875 0.587628865979 0.35625
7 1.45909090909 1.065625 0.772727272727 0.53125
7 1.428125 0.595454545455 0.36875 0.536363636364
7 0.495833333333 0.334375 0.375 0.28125
7 1.08125 0.754385964912 0.3125 0.438596491228
7 1.21951219512 0.475 0.487804878049 0.375
7 0.971544715447 0.303125 0.333333333333 0.25625
7 1.453125 0.836134453782 0.43125 0.579831932773
7 1.27131782946 0.5375 0.558139534884 0.45
7 1.23113207547 0.859375 1.12264150943 0.74375
7 1.24350649351 0.884375 0.915584415584 0.88125
7 0.706896551724 0.25 0.293103448276 0.2125
7 1.51162790698 0.84375 0.542635658915 0.4375
7 0.986666666667 0.45625 0.306666666667 0.2875
7 0.537593984962 0.478125 0.593984962406 0.49375
7 1.13551401869 0.859375 0.943925233645 0.63125
7 0.46875 0.31875 0.296875 0.2375
7 0.559375 1.03781512605 0.41875 0.563025210084
7 0.641025641026 0.41875 0.393162393162 0.2875
7 1.74152542373 0.659375 0.516949152542 0.38125
7 0.69375 0.598130841121 0.5125 0.766355140187
7 1.084375 0.484375 0.30625 0.30625
7 1.33505154639 0.565625 0.773195876289 0.46875
7 0.78231292517 0.3125 0.272108843537 0.25
7 1.48125 0.872881355932 0.525 0.71186440678
7 1.06333333333 0.496875 0.38 0.35625
7 0.940625 0.735294117647 0.34375 0.46218487395
7 0.680672268908 0.475 0.53781512605 0.4
7 1.08125 0.423076923077 0.325 0.333333333333
7 1.72916666667 1.1625 1.04166666667 0.625
7 1.59722222222 0.653125 0.694444444444 0.46875
7 1.82843137255 0.753125 0.5 0.31875
7 2.04716981132 1.01875 1.05660377358 0.7
7 0.979865771812 0.5 0.469798657718 0.4375
7 1.59375 0.490740740741 0.2625 0.388888888889
7 1.2 0.981818181818 0.8375 1.21818181818
8 0.810185185185 0.578125 0.62037037037 0.41875
8 0.58125 0.36 0.375 0.6
8 1.82962962963 0.975 0.533333333333 0.45
8 1.42592592593 0.88125 0.759259259259 0.5125
8 0.975 0.51875 0.35 0.35
8 1.1976744186 1.428125 0.581395348837 0.46875
8 1.55462184874 1.775 1.64705882353 1.225
8 0.715625 0.452898550725 0.24375 0.282608695652
8 1.03125 1.09821428571 0.2375 0.339285714286
8 1.18796992481 0.6375 0.421052631579 0.35
8 1.56934306569 0.6875 0.452554744526 0.3875
8 0.496153846154 0.388461538462 0.269230769231 0.269230769231
8 0.5 0.39375 0.406779661017 0.3
8 1.359375 0.995798319328 0.51875 0.697478991597
8 0.811320754717 0.46875 0.396226415094 0.2625
8 1.2850877193 1.084375 1.02631578947 0.73125
8 1.671875 1.12735849057 0.46875 0.707547169811
8 0.725 0.993197278912 0.55 0.598639455782
8 1.52912621359 1.121875 1.54368932039 0.99375
8 0.85 1.090625 0.772727272727 0.53125
8 1.06481481481 0.575 0.5 0.3375
8 0.859375 0.738095238095 0.31875 0.485714285714
8 1.26875 0.896226415094 0.3 0.452830188679
8 1.74390243902 0.778125 0.658536585366 0.50625
8 1.08018867925 0.921875 0.933962264151 0.61875
8 1.00625 0.817518248175 0.475 0.554744525547
8 1.59051724138 0.703125 0.594827586207 0.43125
8 1.20283018868 1.034375 1.44339622642 0.95625
8 0.904109589041 0.4625 0.397260273973 0.3625
8 1.52822580645 0.634375 0.588709677419 0.45625
8 0.940625 1.04245283019 0.39375 0.594339622642
8 1.78440366972 0.746875 0.706422018349 0.48125
8 0.69375 0.905660377358 0.4125 0.622641509434
8 1.175 1.11320754717 0.45 0.679245283019
8 0.61 0.57 0.62 0.62
8 0.934375 0.671875 0.45625 0.45625
8 0.851485148515 0.18125 0.316831683168 0.2
8 1.10833333333 0.6625 0.533333333333 0.4
8 0.80625 0.583333333333 0.2875 0.383333333333
8 0.78125 1.0202020202 0.6875 1.11111111111
8 1.64150943396 1.4125 0.811320754717 0.5375
8 1.284 1.221875 0.648 0.50625
8 0.7625 0.575 0.4 0.4
8 1.015625 0.487704918033 0.26875 0.352459016393
8 1.0875 0.590625 0.441666666667 0.33125
8 1.39075630252 1.040625 0.663865546218 0.49375
8 0.5 0.333333333333 0.16 0.16
8 0.528125 1.02976190476 0.36875 0.702380952381
8 0.946875 0.421985815603 0.24375 0.276595744681
8 1.03658536585 0.678125 0.756097560976 0.58125
8 0.74375 0.831168831169 0.45 0.467532467532
8 0.709401709402 0.39375 0.358974358974 0.2625
8 0.9125 0.604316546763 0.3375 0.388489208633
8 1.584375 0.674825174825 0.38125 0.426573426573
8 0.9625 0.775 0.8 1.06666666667
8 1.73966942149 0.709375 0.438016528926 0.33125
8 0.69375 0.910256410256 0.7125 0.730769230769
8 1.76923076923 0.6 0.5 0.325
8 0.46875 0.58125 0.2125 0.2125
8 1.034375 1.08544303797 0.80625 0.816455696203
8 0.7125 0.475 0.25 0.333333333333
8 0.70796460177 0.320754716981 0.230088495575 0.163522012579
8 0.631578947368 0.4375 0.255639097744 0.2125
8 0.534375 0.302919708029 0.20625 0.240875912409
8 1.06060606061 0.61875 0.969696969697 0.6
8 1.14166666667 0.4875 0.466666666667 0.35
8 0.477848101266 0.382352941176 0.246835443038 0.254901960784
8 1.41747572816 1.1125 0.970873786408 0.625
8 0.756302521008 0.54375 0.436974789916 0.325
8 1.39453125 1.284375 1.1953125 0.95625
8 0.657480314961 0.440625 0.212598425197 0.16875
8 0.81875 0.621359223301 0.325 0.504854368932
8 1.15671641791 0.5625 0.492537313433 0.4125
8 1.8820754717 0.571875 0.575471698113 0.38125
8 0.690625 0.704166666667 0.35625 0.475
8 0.996875 0.910377358491 0.74375 1.12264150943
8 1.08888888889 0.70625 0.711111111111 0.4
8 0.525 0.445378151261 0.2375 0.319327731092
8 0.55625 0.26875 0.1875 0.1875
8 1.71621621622 0.659375 0.603603603604 0.41875
8 0.64224137931 0.740625 0.646551724138 0.46875
8 0.68125 0.5125 0.4875 0.4875
8 0.636752136752 0.425324675325 0.367521367521 0.279220779221
8 1.028125 0.63671875 0.30625 0.3828125
8 0.492307692308 0.446153846154 0.230769230769 0.230769230769
8 1.39166666667 0.8 0.8 0.6
8 0.525 0.692307692308 0.2875 0.442307692308
8 0.746875 0.738938053097 0.21875 0.309734513274
8 0.718120805369 0.391304347826 0.214765100671 0.278260869565
8 0.733944954128 0.2875 0.256880733945 0.175
8 0.951612903226 0.328125 0.354838709677 0.20625
8 0.784375 0.446902654867 0.23125 0.327433628319
8 1.025 0.64375 0.583333333333 0.4375
8 0.54375 0.52427184466 0.225 0.349514563107
8 0.909375 0.947619047619 0.54375 0.828571428571
8 1.1 0.727272727273 0.4125 0.857142857143
8 1.85096153846 0.678125 0.509615384615 0.33125
8 1.04245283019 0.640625 0.61320754717 0.40625
8 0.5125 0.378205128205 0.225 0.230769230769
8 0.8375 0.684375 0.441666666667 0.33125
8 1.0125 0.589147286822 0.2875 0.356589147287
8 1.1875 0.83125 0.4625 0.4625
8 0.65 1.14503816794 0.5125 0.625954198473
8 1.00625 1.29411764706 0.525 0.705882352941
8 0.75 0.8375 0.346153846154 0.3375
8 1.19230769231 0.625 0.769230769231 0.5
8 1.403125 0.745689655172 0.36875 0.508620689655
8 1.32727272727 1.2875 1.21818181818 0.8375
8 0.61328125 0.33984375 0.2265625 0.2265625
8 1.57075471698 1.171875 1.12264150943 0.74375
8 1.134375 0.992537313433 0.40625 0.970149253731
8 1.77830188679 0.278125 0.292452830189 0.19375
8 1.346875 0.665094339623 0.25625 0.38679245283
8 0.793893129771 0.33125 0.259541984733 0.2125
8 1.74528301887 1.28125 1.32075471698 0.875
8 0.413461538462 0.298076923077 0.198717948718 0.198717948718
8 0.521875 1.140625 0.51875 0.51875
8 1.45394736842 0.63125 0.460526315789 0.4375
8 0.6 0.549295774648 0.225 0.507042253521
8 0.73125 0.369565217391 0.2625 0.304347826087
8 0.475 0.516666666667 0.55 0.55
8 1.559375 0.859090909091 0.35625 0.518181818182
8 1.815625 0.747619047619 0.38125 0.580952380952
9 0.58 0.56 0.5 0.5
9 0.665625 0.522727272727 0.48125 0.5
9 1.159375 0.585714285714 0.29375 0.447619047619
9 1.328125 1.02252252252 0.78125 1.12612612613
9 0.875 0.620437956204 0.5625 0.656934306569
9 1.265625 0.875 0.50625 0.75
9 0.60625 0.307692307692 0.175 0.239316239316
9 1.32916666667 1.046875 1.15833333333 0.86875
9 0.978125 0.570796460177 0.39375 0.557522123894
9 0.55625 0.324786324786 0.175 0.239316239316
9 0.69375 0.558333333333 0.3625 0.483333333333
9 0.693661971831 1.065625 0.908450704225 0.80625
9 1.56834532374 0.6 1.38129496403 1.2
9 1.696875 0.723684210526 0.39375 0.552631578947
9 1.5625 0.892617449664 0.7125 0.765100671141
9 1.46621621622 0.31875 0.432432432432 0.4
9 0.433035714286 0.246428571429 0.241071428571 0.192857142857
9 1.25531914894 1.05 0.879432624113 0.775
9 0.93125 0.641509433962 0.675 1.01886792453
9 0.809375 0.437106918239 0.33125 0.333333333333
9 0.653125 0.660305343511 0.44375 0.541984732824
9 1.4649122807 1.71875 1.57894736842 1.125
9 1.296875 0.902777777778 0.41875 0.62037037037
9 0.601851851852 0.6 0.259259259259 0.175
9 0.559375 0.65234375 0.58125 0.7265625
9 1.17832167832 0.946875 0.944055944056 0.84375
9 1.178125 0.584821428571 0.81875 1.16964285714
9 1.35 0.712643678161 0.4875 0.896551724138
9 0.703125 1.04508196721 0.84375 1.10655737705
9 1.02049180328 0.415625 0.418032786885 0.31875
9 1.253125 0.760504201681 0.40625 0.546218487395
9 1.178125 1.27083333333 0.66875 0.891666666667
9 1.24375 0.55303030303 0.35 0.424242424242
9 0.865625 1.190625 1.56875 1.56875
9 0.335 0.535 0.53 0.53
9 1.06538461538 1.278125 1.25384615385 1.01875
9 0.834375 0.52358490566 0.34375 0.518867924528
9 0.714285714286 0.65 0.266666666667 0.175
9 1.540625 0.907079646018 0.45625 0.646017699115
9 0.790625 0.490654205607 0.26875 0.401869158879
9 0.54375 0.55 0.7625 0.7625
9 0.817757009346 0.415625 0.345794392523 0.23125
9 0.846875 1.109375 0.53125 0.53125
9 0.838095238095 0.4625 0.87619047619 0.575
9 0.940625 0.475490196078 0.23125 0.362745098039
9 0.891666666667 0.74375 0.566666666667 0.425
9 1.14375 0.7 0.45 0.6
9 1.15486725664 0.753125 0.858407079646 0.60625
9 1.0625 0.548672566372 0.3 0.424778761062
9 0.6625 1.12280701754 0.7625 1.0701754386
9 0.7 0.348101265823 0.25 0.253164556962
9 0.534375 0.477564102564 0.35625 0.365384615385
9 0.525 0.801470588235 0.5625 0.661764705882
9 0.375 0.511627906977 0.3875 0.480620155039
9 0.918032786885 0.8875 0.868852459016 0.6625
9 0.8625 0.579831932773 0.4375 0.588235294118
9 1.0 0.616883116883 0.4375 0.454545454545
9 1.5 0.740625 0.503546099291 0.44375
9 1.24107142857 0.70625 0.678571428571 0.475
9 0.641447368421 0.240625 0.190789473684 0.18125
9 1.053125 1.10984848485 0.40625 0.492424242424
9 1.04545454545 2.034375 0.834710743802 0.63125
9 1.06875 0.966666666667 0.5375 0.716666666667
9 0.9375 0.6 0.275 0.366666666667
9 0.707547169811 0.2625 0.358490566038 0.2375
9 0.616666666667 0.68125 0.683333333333 0.5125
9 1.6875 0.746875 0.558333333333 0.41875
9 0.713636363636 0.2875 0.263636363636 0.241666666667
9 0.6875 0.559375 0.509615384615 0.33125
9 1.334375 0.834905660377 0.50625 0.764150943396
9 1.565625 0.495614035088 0.29375 0.412280701754
9 0.796666666667 0.391472868217 0.166666666667 0.193798449612
9 1.25 0.525 0.3375 0.45
9 0.5 0.24375 0.1625 0.1625
9 1.29007633588 0.4125 0.473282442748 0.3875
9 1.01538461538 0.81875 0.261538461538 0.2125
9 1.13125 0.915887850467 0.4125 0.616822429907
9 0.576923076923 0.6625 0.846153846154 0.6875
9 0.9 0.509433962264 0.2875 0.433962264151
9 1.7268907563 1.334375 1.70588235294 1.26875
9 1.06875 0.971698113208 0.3375 0.509433962264
9 0.795652173913 0.396875 0.391304347826 0.28125
9 0.873873873874 0.3 0.252252252252 0.175
9 0.5875 0.659090909091 0.375 0.681818181818
9 1.41875 1.23770491803 0.5125 0.672131147541
9 0.759375 0.423076923077 0.16875 0.230769230769
9 1.24015748031 1.440625 0.606299212598 0.48125
9 1.29347826087 0.8875 0.869565217391 0.5
9 1.15769230769 1.159375 1.66923076923 1.35625
9 0.62109375 0.156779661017 0.2109375 0.228813559322
9 0.490291262136 0.324427480916 0.339805825243 0.267175572519
9 0.429133858268 0.590625 0.685039370079 0.54375
9 1.16666666667 0.6625 0.648148148148 0.4375
9 0.778125 0.457983193277 0.30625 0.411764705882
9 0.865625 0.695833333333 0.19375 0.258333333333
9 0.91875 0.436974789916 0.2625 0.352941176471
9 1.259375 1.02232142857 0.61875 0.883928571429
9 0.542857142857 0.580357142857 0.647619047619 0.607142857143
9 0.821875 0.386956521739 0.23125 0.321739130435
9 1.378125 0.97619047619 0.64375 0.980952380952
9 1.28014184397 0.578125 0.560283687943 0.49375
9 0.575 0.5625 0.733333333333 0.55
9 1.25700934579 0.759375 0.831775700935 0.55625
9 0.546875 0.629166666667 0.38125 0.508333333333
9 0.5546875 0.275 0.28125 0.225
9 0.628676470588 0.353125 0.257352941176 0.21875
9 0.839552238806 0.759375 0.813432835821 0.68125
9 1.09836065574 0.3875 0.475409836066 0.3625
9 0.910828025478 0.85 0.458598726115 0.45
9 0.412 0.185534591195 0.2 0.157232704403
9 0.5125 0.965217391304 0.2125 0.295652173913
9 1.18620689655 1.3625 1.1724137931 1.0625
9 0.653125 0.375 0.19375 0.221428571429
9 1.18125 0.367924528302 0.2375 0.358490566038
9 0.804794520548 0.380769230769 0.171232876712 0.192307692308
9 0.55625 1.3203125 0.2125 0.265625
9 1.39285714286 0.39375 0.428571428571 0.3
9 1.5 0.803125 0.674418604651 0.54375
9 0.4625 0.288888888889 0.1625 0.192592592593
9 1.884375 1.56696428571 0.40625 0.580357142857
9 0.504098360656 0.609375 0.565573770492 0.43125
9 0.684375 0.868181818182 0.39375 0.572727272727
9 1.21875 0.691666666667 0.4625 0.616666666667
9 1.28125 0.65 0.225 0.3
9 0.571875 0.575630252101 0.41875 0.563025210084
9 0.296875 0.600840336134 0.41875 0.563025210084
9 0.996875 0.468309859155 0.19375 0.218309859155
9 1.43125 0.715596330275 0.2375 0.348623853211
9 0.624113475177 0.45 0.198581560284 0.175
9 1.3875 0.848 0.275 0.352
9 0.76875 0.375 0.2625 0.375
9 0.875 0.403361344538 0.15 0.201680672269
9 0.741666666667 0.84375 0.583333333333 0.4375
9 1.134375 0.902777777778 0.46875 0.694444444444
9 0.76875 0.705882352941 0.3375 0.453781512605
9 0.69375 0.487179487179 0.25 0.34188034188
9 0.534375 0.534375 0.34375 0.34375
9 0.725 0.405063291139 0.175 0.177215189873
9 1.146875 1.0421686747 0.45625 0.879518072289
9 1.43382352941 0.55625 0.455882352941 0.3875
9 1.29133858268 1.15625 0.220472440945 0.175
9 0.696875 0.48046875 0.24375 0.3046875
9 0.76875 0.435114503817 0.225 0.274809160305
9 0.7 0.471698113208 0.2 0.301886792453
9 0.95 0.613445378151 0.25 0.336134453782
9 1.190625 0.523333333333 0.33125 0.353333333333
9 1.296875 1.03819444444 0.21875 0.243055555556
9 1.05 0.521367521368 0.2375 0.324786324786
9 1.675 0.974358974359 0.2875 0.393162393162
9 1.5504587156 1.30625 1.37614678899 0.9375
9 1.228125 1.10550458716 0.55625 0.816513761468
9 0.709375 0.617924528302 0.19375 0.292452830189
9 1.06875 0.982300884956 0.4 0.566371681416
9 0.554744525547 0.4375 0.408759124088 0.35
9 1.36697247706 1.94375 0.238532110092 0.1625
9 1.1935483871 0.4875 0.5 0.3875
